0,10,2,5,8,4,7,7,6,6,15,2,3,1,10,6,15,82,25,28,14,19,10,3,18,10,11,5,5,8,10,16,2,28,5,2,2,3,11,10,14,14,34,12,8,5,8,6,15,8,4,18,6,16,9,7,4,8,5,8,18,14,10,11,9,9,9,11,40,4,11,10,6,19,10,8,8,11,5
0,4,0,0,0,1,0,0,1,0,1,1,1,0,0,0,1,0,0,0,1,1,0,0,1,0,1,0,0,0,0,0,1,0,1,0,0,0,1,1,1,0,1,0,1,0,1,0,0,1,0,1,0,1,1,4,0,1,0,0,1,1,1,0,1,0,1,0,1,0,0,0,1,1,0,1,0,4,0
0,0,1,1,1,0,1,1,0,1,0,0,0,1,1,1,0,1,1,1,0,0,1,1,0,2,0,1,1,1,1,1,0,1,0,1,1,1,0,0,0,1,0,1,0,1,0,1,1,0,1,0,1,0,0,0,1,0,1,1,0,0,0,1,0,1,0,1,0,1,1,1,0,0,1,0,1,0,1
0,4,-1,-1,-1,1,-1,-1,1,-1,1,1,1,-1,-1,-1,1,-1,-1,-1,1,1,-1,-1,1,-2,1,-1,-1,-1,-1,-1,1,-1,1,-1,-1,-1,1,1,1,-1,1,-1,1,-1,1,-1,-1,1,-1,1,-1,1,1,4,-1,1,-1,-1,1,1,1,-1,1,-1,1,-1,1,-1,-1,-1,1,1,-1,1,-1,4,-1
0,6,1059,1302,1351,1310,1404,1330,1394,1418,1281,665,1338,1376,1551,1222,1436,1443,1169,824,885,1464,1219,720,845,1195,668,1385,1412,1272,1262,1515,1296,790,696,835,2136,888,1201,1271,1391,1654,1199,1848,1567,2524,1933,1514,1259,1291,1306,1150,1073,1259,1059,1122,1264,1403,1239,1177,1244,1215,1327,1630,1435,1407,1375,1641,1529,1775,1316,2333,2297,1523,1413,1365,1381,1517,2343
6,0,1059,1302,1351,1310,1404,1330,1394,1418,1281,665,1338,1376,1551,1222,1436,1443,1169,824,885,1464,1219,720,839,1195,662,1385,1412,1272,1262,1515,1296,790,690,835,2136,882,1201,1271,1391,1654,1199,1848,1567,2524,1933,1514,1259,1291,1306,1150,1073,1259,1053,1122,1264,1403,1239,1177,1244,1215,1321,1630,1435,1407,1375,1641,1529,1775,1316,2333,2297,1523,1407,1359,1381,1517,2343
1059,1059,0,243,292,251,345,271,335,359,262,880,279,317,492,381,377,384,542,937,878,405,628,1155,1648,740,1471,664,641,789,839,594,813,1355,1499,1350,1077,1691,1154,1226,1120,933,1440,811,1098,1465,874,1271,1536,1510,1497,1725,1832,1650,1862,1843,1767,1630,1794,1864,1921,1980,2130,1625,1828,1858,1910,1652,1770,1564,2043,1274,1238,1880,2216,2168,2082,1950,1284
1302,1302,243,0,49,16,102,28,92,116,87,705,36,74,249,206,134,141,367,762,703,188,453,980,1473,565,1296,489,466,614,664,419,638,1180,1324,1175,834,1516,979,1051,945,758,1265,636,923,1222,631,1096,1361,1335,1322,1550,1657,1475,1687,1668,1592,1455,1619,1689,1746,1805,1955,1450,1653,1683,1735,1477,1595,1389,1868,1031,995,1705,2041,1993,1907,1775,1041
1351,1351,292,49,0,43,53,55,43,67,114,732,61,25,200,233,101,100,394,789,730,215,480,1007,1500,592,1323,516,493,641,691,446,665,1207,1351,1202,785,1543,1006,1078,972,785,1292,663,950,1173,652,1123,1388,1362,1349,1577,1684,1502,1714,1695,1619,1482,1646,1716,1773,1832,1982,1477,1680,1710,1762,1504,1622,1416,1895,982,946,1732,2068,2020,1934,1802,1026
1310,1310,251,16,43,0,94,20,84,108,71,689,28,66,241,190,126,133,351,746,687,172,437,964,1457,549,1280,473,450,598,648,403,622,1164,1308,1159,826,1500,963,1035,929,742,1249,620,907,1214,623,1080,1345,1319,1306,1534,1641,1459,1671,1652,1576,1439,1603,1673,1730,1789,1939,1434,1637,1667,1719,1461,1579,1373,1852,1023,987,1689,2025,1977,1891,1759,1033
1404,1404,345,102,53,94,0,88,30,14,147,765,94,58,147,266,134,133,427,822,763,248,513,1040,1533,625,1356,549,526,674,724,479,698,1240,1384,1235,732,1576,1039,1111,1005,818,1325,696,983,1120,685,1156,1421,1395,1382,1610,1717,1535,1747,1728,1652,1515,1679,1749,1806,1865,2015,1510,1713,1743,1795,1537,1655,1449,1928,929,969,1765,2101,2053,1967,1835,1059
1330,1330,271,28,55,20,88,0,64,88,59,677,8,46,221,178,106,113,339,734,675,160,425,952,1445,537,1268,461,438,586,636,391,610,1152,1296,1147,806,1488,951,1023,917,730,1237,608,895,1194,603,1068,1333,1307,1294,1522,1629,1447,1659,1640,1564,1427,1591,1661,1718,1777,1927,1422,1625,1655,1707,1449,1567,1361,1840,1003,967,1677,2013,1965,1879,1747,1013
1394,1394,335,92,43,84,30,64,0,24,117,735,64,28,157,236,104,103,397,792,733,218,483,1010,1503,595,1326,519,496,644,694,449,668,1210,1354,1205,742,1546,1009,1081,975,788,1295,666,953,1130,655,1126,1391,1365,1352,1580,1687,1505,1717,1698,1622,1485,1649,1719,1776,1835,1985,1480,1683,1713,1765,1507,1625,1419,1898,939,939,1735,2071,2023,1937,1805,1029
1418,1418,359,116,67,108,14,88,24,0,137,755,84,48,133,256,124,123,417,812,753,238,503,1030,1523,615,1346,539,516,664,714,469,688,1230,1374,1225,718,1566,1029,1101,995,808,1315,686,973,1106,675,1146,1411,1385,1372,1600,1707,1525,1737,1718,1642,1505,1669,1739,1796,1855,2005,1500,1703,1733,1785,1527,1645,1439,1918,915,959,1755,2091,2043,1957,1825,1049
1281,1281,262,87,114,71,147,59,117,137,0,618,57,95,270,119,155,162,280,675,616,183,366,893,1386,478,1209,402,379,527,577,332,551,1093,1237,1088,855,1429,892,964,858,671,1178,567,836,1243,652,1009,1274,1248,1235,1463,1570,1388,1600,1581,1505,1368,1532,1602,1659,1718,1868,1363,1566,1596,1648,1390,1508,1302,1781,1052,1016,1618,1954,1906,1820,1688,1062
665,665,880,705,732,689,765,677,735,755,618,0,673,711,886,557,771,778,504,159,220,799,554,275,768,530,591,720,747,607,597,850,631,475,619,470,1471,811,536,606,726,989,560,1183,902,1859,1268,849,656,630,641,845,952,770,982,963,887,750,914,984,1041,1100,1250,965,948,978,1030,976,890,1110,1163,1668,1632,1000,1336,1288,1202,1070,1678
1338,1338,279,36,61,28,94,8,64,84,57,673,0,38,213,172,98,105,333,728,669,154,419,946,1439,531,1262,455,432,580,630,385,604,1146,1290,1141,798,1482,945,1017,911,724,1231,602,889,1186,595,1062,1327,1301,1288,1516,1623,1441,1653,1634,1558,1421,1585,1655,1712,1771,1921,1416,1619,1649,1701,1443,1561,1355,1834,995,959,1671,2007,1959,1873,1741,1005
1376,1376,317,74,25,66,58,46,28,48,95,711,38,0,175,208,76,75,369,764,705,190,455,982,1475,567,1298,491,468,616,666,421,640,1182,1326,1177,760,1518,981,1053,947,760,1267,638,925,1148,627,1098,1363,1337,1324,1552,1659,1477,1689,1670,1594,1457,1621,1691,1748,1807,1957,1452,1655,1685,1737,1479,1597,1391,1870,957,921,1707,2043,1995,1909,1777,1001
1551,1551,492,249,200,241,147,221,157,133,270,886,213,175,0,331,199,198,492,887,828,313,578,1105,1598,690,1421,614,591,739,789,544,763,1305,1449,1300,585,1641,1104,1176,1070,883,1390,761,1048,973,750,1221,1486,1460,1447,1675,1782,1600,1812,1793,1717,1580,1744,1814,1871,1930,2080,1575,1778,1808,1860,1602,1720,1514,1993,976,1034,1830,2166,2118,2032,1900,1124
1222,1222,381,206,233,190,266,178,236,256,119,557,172,208,331,0,214,221,161,556,497,242,247,774,1267,359,1090,283,260,408,458,293,432,974,1118,969,914,1310,773,845,739,552,1059,626,717,1302,711,890,1155,1129,1116,1344,1451,1269,1481,1462,1386,1249,1413,1483,1540,1599,1749,1244,1447,1477,1529,1271,1389,1183,1662,1111,1075,1499,1835,1787,1701,1569,1121
1436,1436,377,134,101,126,134,106,104,124,155,771,98,76,199,214,0,7,293,688,629,114,379,906,1399,491,1222,415,392,540,590,345,564,1106,1250,1101,700,1442,905,977,871,684,1191,562,849,1088,551,1022,1287,1261,1248,1476,1583,1401,1613,1594,1518,1381,1545,1615,1672,1731,1881,1376,1579,1609,1661,1403,1521,1315,1794,897,861,1631,1967,1919,1833,1701,925
1443,1443,384,141,100,133,133,113,103,123,162,778,105,75,198,221,7,0,294,689,630,115,380,907,1400,492,1223,416,393,541,591,346,565,1107,1251,1102,693,1443,906,978,872,685,1192,563,850,1081,552,1023,1288,1262,1249,1477,1584,1402,1614,1595,1519,1382,1546,1616,1673,1732,1882,1377,1580,1610,1662,1404,1522,1316,1795,890,854,1632,1968,1920,1834,1702,926
1169,1169,542,367,394,351,427,339,397,417,280,504,333,369,492,161,293,294,0,395,336,295,86,613,1106,198,929,216,243,247,297,346,271,813,957,808,967,1149,612,684,578,485,898,679,556,1355,764,729,994,968,955,1183,1290,1108,1320,1301,1225,1088,1252,1322,1379,1438,1588,1083,1286,1316,1368,1110,1228,1022,1501,1164,1128,1338,1674,1626,1540,1408,1174
824,824,937,762,789,746,822,734,792,812,675,159,728,764,887,556,688,689,395,0,61,640,395,218,711,371,534,561,588,448,438,691,472,418,562,413,1312,754,377,447,567,830,503,1024,743,1700,1109,690,599,573,560,788,895,713,925,906,830,693,857,927,984,1043,1193,806,891,921,973,817,833,951,1106,1509,1473,943,1279,1231,1145,1013,1519
885,885,878,703,730,687,763,675,733,753,616,220,669,705,828,497,629,630,336,61,0,579,334,277,770,310,593,500,527,387,377,630,411,477,621,472,1251,813,316,386,506,769,562,963,682,1639,1048,629,658,632,619,847,954,772,984,965,889,752,916,986,1043,1102,1252,747,950,980,1032,774,892,890,1165,1448,1412,1002,1338,1290,1204,1072,1458
1464,1464,405,188,215,172,248,160,218,238,183,799,154,190,313,242,114,115,295,640,579,0,265,792,1285,377,1108,301,278,426,476,231,450,992,1136,987,672,1328,791,863,757,570,1077,448,735,1060,469,908,1173,1147,1134,1362,1469,1287,1499,1480,1404,1267,1431,1501,1558,1617,1767,1262,1465,1495,1547,1289,1407,1201,1680,869,833,1517,1853,1805,1719,1587,879
1219,1219,628,453,480,437,513,425,483,503,366,554,419,455,578,247,379,380,86,395,334,265,0,527,1020,112,843,166,193,161,211,296,185,727,871,722,917,1063,526,598,492,435,812,629,470,1305,714,643,908,882,869,1097,1204,1022,1234,1215,1139,1002,1166,1236,1293,1352,1502,997,1200,1230,1282,1024,1142,936,1415,1114,1078,1252,1588,1540,1454,1322,1124
720,720,1155,980,1007,964,1040,952,1010,1030,893,275,946,982,1105,774,906,907,613,218,277,792,527,0,493,475,316,665,692,552,542,795,576,200,344,195,1416,536,481,551,671,934,479,1128,847,1804,1213,794,539,571,586,570,677,539,707,688,612,683,639,709,766,825,975,910,715,703,755,921,809,1055,888,1613,1577,803,1061,1013,927,797,1623
845,839,1648,1473,1500,1457,1533,1445,1503,1523,1386,768,1439,1475,1598,1267,1399,1400,1106,711,770,1285,1020,493,0,920,279,1110,1137,997,987,1240,1021,515,387,560,1861,365,926,996,1116,1379,924,1573,1292,2249,1658,1239,984,1016,1031,875,798,984,774,847,989,1128,964,902,969,940,808,1355,1160,1132,1100,1366,1254,1500,1041,2058,2022,1248,912,1016,1106,1242,2068
1195,1195,740,565,592,549,625,537,595,615,478,530,531,567,690,359,491,492,198,371,310,377,112,475,920,0,731,190,217,77,99,320,101,615,759,610,941,951,414,486,380,459,700,653,372,1329,738,531,796,770,757,985,1092,910,1122,1103,1027,890,1054,1124,1181,1240,1390,885,1088,1118,1170,912,1030,824,1303,1138,1102,1140,1476,1428,1342,1210,1148
668,662,1471,1296,1323,1280,1356,1268,1326,1346,1209,591,1262,1298,1421,1090,1222,1223,929,534,593,1108,843,316,279,731,0,831,858,718,708,961,742,236,108,281,1582,220,647,717,837,1100,645,1294,1013,1970,1379,960,705,737,752,596,519,705,495,568,710,849,685,623,690,661,659,1076,881,853,821,1087,975,1221,762,1779,1743,969,745,737,827,963,1789
1385,1385,664,489,516,473,549,461,519,539,402,720,455,491,614,283,415,416,216,561,500,301,166,665,1110,190,831,0,27,125,175,130,149,691,835,686,751,1027,490,562,456,269,776,463,434,1139,548,607,872,846,833,1061,1168,986,1198,1179,1103,966,1130,1200,1257,1316,1466,961,1164,1194,1246,988,1106,900,1379,948,912,1216,1552,1504,1418,1286,958
1412,1412,641,466,493,450,526,438,496,516,379,747,432,468,591,260,392,393,243,588,527,278,193,692,1137,217,858,27,0,148,198,103,172,714,858,709,724,1050,513,585,479,292,799,436,457,1112,521,630,895,869,856,1084,1191,1009,1221,1202,1126,989,1153,1223,1280,1339,1489,984,1187,1217,1269,1011,1129,923,1402,921,885,1239,1575,1527,1441,1309,931
1272,1272,789,614,641,598,674,586,644,664,527,607,580,616,739,408,540,541,247,448,387,426,161,552,997,77,718,125,148,0,50,243,24,566,710,561,864,902,365,437,331,382,651,576,309,1252,661,482,747,721,708,936,1043,861,1073,1054,978,841,1005,1075,1132,1191,1341,836,1039,1069,1121,863,981,775,1254,1061,1025,1091,1427,1379,1293,1161,1071
1262,1262,839,664,691,648,724,636,694,714,577,597,630,666,789,458,590,591,297,438,377,476,211,542,987,99,708,175,198,50,0,253,34,516,660,511,874,852,315,387,281,392,601,586,305,1262,671,432,697,671,658,886,993,811,1023,1004,928,791,955,1025,1082,1141,1291,786,989,1019,1071,813,931,725,1204,1071,1035,1041,1377,1329,1243,1111,1081
1515,1515,594,419,446,403,479,391,449,469,332,850,385,421,544,293,345,346,346,691,630,231,296,795,1240,320,961,130,103,243,253,0,219,761,905,756,621,1097,560,632,526,339,846,333,504,1009,418,677,942,916,903,1131,1238,1056,1268,1249,1173,1036,1200,1270,1327,1386,1536,1031,1234,1264,1316,1058,1176,970,1449,818,782,1286,1622,1574,1488,1356,828
1296,1296,813,638,665,622,698,610,668,688,551,631,604,640,763,432,564,565,271,472,411,450,185,576,1021,101,742,149,172,24,34,219,0,542,686,537,840,878,341,413,307,358,627,552,285,1228,637,458,723,697,684,912,1019,837,1049,1030,954,817,981,1051,1108,1167,1317,812,1015,1045,1097,839,957,751,1230,1037,1001,1067,1403,1355,1269,1137,1047
790,790,1355,1180,1207,1164,1240,1152,1210,1230,1093,475,1146,1182,1305,974,1106,1107,813,418,477,992,727,200,515,615,236,691,714,566,516,761,542,0,144,45,1346,336,411,481,601,864,409,1058,777,1734,1143,724,469,501,516,370,477,469,507,488,474,613,449,509,566,625,775,840,645,617,585,851,739,985,688,1543,1507,733,861,813,727,727,1553
696,690,1499,1324,1351,1308,1384,1296,1354,1374,1237,619,1290,1326,1449,1118,1250,1251,957,562,621,1136,871,344,387,759,108,835,858,710,660,905,686,144,0,173,1474,192,539,609,729,992,537,1186,905,1862,1271,852,597,629,644,488,411,597,387,460,602,741,577,515,582,553,631,968,773,745,713,979,867,1113,654,1671,1635,861,717,669,719,855,1681
835,835,1350,1175,1202,1159,1235,1147,1205,1225,1088,470,1141,1177,1300,969,1101,1102,808,413,472,987,722,195,560,610,281,686,709,561,511,756,537,45,173,0,1301,341,366,436,556,819,364,1013,732,1689,1098,679,424,456,471,375,482,424,512,493,429,568,444,514,571,630,780,795,600,572,560,806,694,940,693,1498,1462,688,866,818,732,682,1508
2136,2136,1077,834,785,826,732,806,742,718,855,1471,798,760,585,914,700,693,967,1312,1251,672,917,1416,1861,941,1582,751,724,864,874,621,840,1346,1474,1301,0,1552,1015,1087,981,794,1301,672,959,388,661,1132,1397,1371,1358,1586,1693,1511,1723,1704,1628,1491,1655,1725,1782,1841,1991,1486,1689,1719,1771,1513,1631,1425,1904,887,945,1741,2077,2029,1943,1811,1035
888,882,1691,1516,1543,1500,1576,1488,1546,1566,1429,811,1482,1518,1641,1310,1442,1443,1149,754,813,1328,1063,536,365,951,220,1027,1050,902,852,1097,878,336,192,341,1552,0,561,631,751,1014,559,1208,927,1884,1293,874,619,651,666,510,433,619,409,482,624,763,599,537,604,575,443,990,795,767,735,1001,889,1135,676,1693,1657,883,547,651,741,877,1703
1201,1201,1154,979,1006,963,1039,951,1009,1029,892,536,945,981,1104,773,905,906,612,377,316,791,526,481,926,414,647,490,513,365,315,560,341,411,539,366,1015,561,0,72,190,453,286,647,366,1323,732,313,382,356,343,571,678,496,708,689,613,476,640,710,767,826,976,471,674,704,756,498,616,574,889,1132,1096,726,1062,1014,928,796,1142
1271,1271,1226,1051,1078,1035,1111,1023,1081,1101,964,606,1017,1053,1176,845,977,978,684,447,386,863,598,551,996,486,717,562,585,437,387,632,413,481,609,436,1087,631,72,0,120,383,214,577,296,1253,662,243,310,284,271,499,606,424,636,617,541,404,568,638,695,754,904,399,602,632,684,426,544,504,817,1062,1026,654,990,942,856,724,1072
1391,1391,1120,945,972,929,1005,917,975,995,858,726,911,947,1070,739,871,872,578,567,506,757,492,671,1116,380,837,456,479,331,281,526,307,601,729,556,981,751,190,120,0,263,320,457,176,1133,542,151,416,390,377,605,712,530,742,723,647,510,674,744,801,860,1010,505,708,738,790,532,650,444,923,942,906,760,1096,1048,962,830,952
1654,1654,933,758,785,742,818,730,788,808,671,989,724,760,883,552,684,685,485,830,769,570,435,934,1379,459,1100,269,292,382,392,339,358,864,992,819,794,1014,453,383,263,0,507,194,165,870,279,338,603,577,564,792,899,717,929,910,834,697,861,931,988,1047,1197,692,895,925,977,719,837,631,1110,679,643,947,1283,1235,1149,1017,689
1199,1199,1440,1265,1292,1249,1325,1237,1295,1315,1178,560,1231,1267,1390,1059,1191,1192,898,503,562,1077,812,479,924,700,645,776,799,651,601,846,627,409,537,364,1301,559,286,214,320,507,0,649,368,1325,734,315,96,92,107,285,392,210,422,403,327,204,354,424,481,540,690,431,388,418,470,442,330,576,603,1134,1098,440,776,728,642,510,1144
1848,1848,811,636,663,620,696,608,666,686,567,1183,602,638,761,626,562,563,679,1024,963,448,629,1128,1573,653,1294,463,436,576,586,333,552,1058,1186,1013,672,1208,647,577,457,194,649,0,287,676,85,460,725,699,686,914,1021,839,1051,1032,956,819,983,1053,1110,1169,1319,814,1017,1047,1099,841,959,753,1232,485,449,1069,1405,1357,1271,1139,495
1567,1567,1098,923,950,907,983,895,953,973,836,902,889,925,1048,717,849,850,556,743,682,735,470,847,1292,372,1013,434,457,309,305,504,285,777,905,732,959,927,366,296,176,165,368,287,0,957,366,173,438,412,399,627,734,552,764,745,669,532,696,766,823,882,1032,527,730,760,812,554,672,466,945,766,730,782,1118,1070,984,852,776
2524,2524,1465,1222,1173,1214,1120,1194,1130,1106,1243,1859,1186,1148,973,1302,1088,1081,1355,1700,1639,1060,1305,1804,2249,1329,1970,1139,1112,1252,1262,1009,1228,1734,1862,1689,388,1884,1323,1253,1133,870,1325,676,957,0,615,1086,1351,1325,1312,1540,1647,1465,1677,1658,1582,1445,1609,1679,1736,1795,1945,1440,1643,1673,1725,1467,1585,1379,1858,841,899,1695,2031,1983,1897,1765,989
1933,1933,874,631,652,623,685,603,655,675,652,1268,595,627,750,711,551,552,764,1109,1048,469,714,1213,1658,738,1379,548,521,661,671,418,637,1143,1271,1098,661,1293,732,662,542,279,734,85,366,615,0,471,736,710,697,925,1032,850,1062,1043,967,830,994,1064,1121,1180,1330,825,1028,1058,1110,852,970,764,1243,400,364,1080,1416,1368,1282,1150,410
1514,1514,1271,1096,1123,1080,1156,1068,1126,1146,1009,849,1062,1098,1221,890,1022,1023,729,690,629,908,643,794,1239,531,960,607,630,482,432,677,458,724,852,679,1132,874,313,243,151,338,315,460,173,1086,471,0,265,239,226,454,561,379,591,572,496,359,523,593,650,709,859,354,557,587,639,381,499,293,772,819,783,609,945,897,811,679,829
1259,1259,1536,1361,1388,1345,1421,1333,1391,1411,1274,656,1327,1363,1486,1155,1287,1288,994,599,658,1173,908,539,984,796,705,872,895,747,697,942,723,469,597,424,1397,619,382,310,416,603,96,725,438,1351,736,265,0,32,47,189,296,114,326,307,231,144,258,328,385,444,594,371,292,322,374,382,270,516,507,1074,1038,344,680,632,546,414,1084
1291,1291,1510,1335,1362,1319,1395,1307,1365,1385,1248,630,1301,1337,1460,1129,1261,1262,968,573,632,1147,882,571,1016,770,737,846,869,721,671,916,697,501,629,456,1371,651,356,284,390,577,92,699,412,1325,710,239,32,0,15,215,322,140,352,333,257,120,284,354,411,470,620,339,318,348,400,350,260,484,533,1042,1006,370,706,658,572,440,1052
1306,1306,1497,1322,1349,1306,1382,1294,1352,1372,1235,641,1288,1324,1447,1116,1248,1249,955,560,619,1134,869,586,1031,757,752,833,856,708,658,903,684,516,644,471,1358,666,343,271,377,564,107,686,399,1312,697,226,47,15,0,228,335,153,365,346,270,133,297,367,424,483,633,324,331,361,413,335,273,469,546,1027,991,383,719,671,585,453,1037
1150,1150,1725,1550,1577,1534,1610,1522,1580,1600,1463,845,1516,1552,1675,1344,1476,1477,1183,788,847,1362,1097,570,875,985,596,1061,1084,936,886,1131,912,370,488,375,1586,510,571,499,605,792,285,914,627,1540,925,454,189,215,228,0,107,109,137,118,114,253,89,139,196,255,405,480,285,257,225,491,379,625,318,1183,1147,373,491,443,357,367,1193
1073,1073,1832,1657,1684,1641,1717,1629,1687,1707,1570,952,1623,1659,1782,1451,1583,1584,1290,895,954,1469,1204,677,798,1092,519,1168,1191,1043,993,1238,1019,477,411,482,1693,433,678,606,712,899,392,1021,734,1647,1032,561,296,322,335,107,0,186,30,49,191,330,166,104,171,148,298,557,362,334,302,568,456,702,243,1260,1224,450,384,336,308,444,1270
1259,1259,1650,1475,1502,1459,1535,1447,1505,1525,1388,770,1441,1477,1600,1269,1401,1402,1108,713,772,1287,1022,539,984,910,705,986,1009,861,811,1056,837,469,597,424,1511,619,496,424,530,717,210,839,552,1465,850,379,114,140,153,109,186,0,212,193,117,144,144,214,271,330,480,371,178,208,260,382,270,516,393,1074,1038,264,566,518,432,300,1084
1059,1053,1862,1687,1714,1671,1747,1659,1717,1737,1600,982,1653,1689,1812,1481,1613,1614,1320,925,984,1499,1234,707,774,1122,495,1198,1221,1073,1023,1268,1049,507,387,512,1723,409,708,636,742,929,422,1051,764,1677,1062,591,326,352,365,137,30,212,0,73,215,354,190,128,195,166,268,581,386,358,326,592,480,726,267,1284,1248,474,354,306,332,468,1294
1122,1122,1843,1668,1695,1652,1728,1640,1698,1718,1581,963,1634,1670,1793,1462,1594,1595,1301,906,965,1480,1215,688,847,1103,568,1179,1202,1054,1004,1249,1030,488,460,493,1704,482,689,617,723,910,403,1032,745,1658,1043,572,307,333,346,118,49,193,73,0,142,281,117,55,122,137,287,508,313,285,253,519,407,653,200,1211,1175,401,373,325,259,395,1221
1264,1264,1767,1592,1619,1576,1652,1564,1622,1642,1505,887,1558,1594,1717,1386,1518,1519,1225,830,889,1404,1139,612,989,1027,710,1103,1126,978,928,1173,954,474,602,429,1628,624,613,541,647,834,327,956,669,1582,967,496,231,257,270,114,191,117,215,142,0,139,27,97,154,213,363,366,171,143,143,377,265,511,276,1069,1033,259,449,401,315,253,1079
1403,1403,1630,1455,1482,1439,1515,1427,1485,1505,1368,750,1421,1457,1580,1249,1381,1382,1088,693,752,1267,1002,683,1128,890,849,966,989,841,791,1036,817,613,741,568,1491,763,476,404,510,697,204,819,532,1445,830,359,144,120,133,253,330,144,354,281,139,0,164,234,291,350,500,227,198,228,280,238,140,372,413,930,894,250,586,538,452,320,940
1239,1239,1794,1619,1646,1603,1679,1591,1649,1669,1532,914,1585,1621,1744,1413,1545,1546,1252,857,916,1431,1166,639,964,1054,685,1130,1153,1005,955,1200,981,449,577,444,1655,599,640,568,674,861,354,983,696,1609,994,523,258,284,297,89,166,144,190,117,27,164,0,70,127,186,336,391,196,168,136,402,290,536,249,1094,1058,284,422,374,288,278,1104
1177,1177,1864,1689,1716,1673,1749,1661,1719,1739,1602,984,1655,1691,1814,1483,1615,1616,1322,927,986,1501,1236,709,902,1124,623,1200,1223,1075,1025,1270,1051,509,515,514,1725,537,710,638,744,931,424,1053,766,1679,1064,593,328,354,367,139,104,214,128,55,97,234,70,0,67,116,266,453,258,230,198,464,352,598,179,1156,1120,346,352,304,218,340,1166
1244,1244,1921,1746,1773,1730,1806,1718,1776,1796,1659,1041,1712,1748,1871,1540,1672,1673,1379,984,1043,1558,1293,766,969,1181,690,1257,1280,1132,1082,1327,1108,566,582,571,1782,604,767,695,801,988,481,1110,823,1736,1121,650,385,411,424,196,171,271,195,122,154,291,127,67,0,59,209,386,191,163,131,397,285,531,122,1089,1053,279,295,247,161,273,1099
1215,1215,1980,1805,1832,1789,1865,1777,1835,1855,1718,1100,1771,1807,1930,1599,1731,1732,1438,1043,1102,1617,1352,825,940,1240,661,1316,1339,1191,1141,1386,1167,625,553,630,1841,575,826,754,860,1047,540,1169,882,1795,1180,709,444,470,483,255,148,330,166,137,213,350,186,116,59,0,150,415,220,192,160,426,314,560,101,1118,1082,308,236,188,166,302,1128
1327,1321,2130,1955,1982,1939,2015,1927,1985,2005,1868,1250,1921,1957,2080,1749,1881,1882,1588,1193,1252,1767,1502,975,808,1390,659,1466,1489,1341,1291,1536,1317,775,631,780,1991,443,976,904,1010,1197,690,1319,1032,1945,1330,859,594,620,633,405,298,480,268,287,363,500,336,266,209,150,0,547,352,324,292,558,446,692,233,1250,1214,440,104,208,298,434,1260
1630,1630,1625,1450,1477,1434,1510,1422,1480,1500,1363,965,1416,1452,1575,1244,1376,1377,1083,806,747,1262,997,910,1355,885,1076,961,984,836,786,1031,812,840,968,795,1486,990,471,399,505,692,431,814,527,1440,825,354,371,339,324,480,557,371,581,508,366,227,391,453,386,415,547,0,203,233,285,27,145,145,418,703,667,255,591,543,457,325,713
1435,1435,1828,1653,1680,1637,1713,1625,1683,1703,1566,948,1619,1655,1778,1447,1579,1580,1286,891,950,1465,1200,715,1160,1088,881,1164,1187,1039,989,1234,1015,645,773,600,1689,795,674,602,708,895,388,1017,730,1643,1028,557,292,318,331,285,362,178,386,313,171,198,196,258,191,220,352,203,0,30,82,206,94,340,215,898,862,88,388,340,254,122,908
1407,1407,1858,1683,1710,1667,1743,1655,1713,1733,1596,978,1649,1685,1808,1477,1609,1610,1316,921,980,1495,1230,703,1132,1118,853,1194,1217,1069,1019,1264,1045,617,745,572,1719,767,704,632,738,925,418,1047,760,1673,1058,587,322,348,361,257,334,208,358,285,143,228,168,230,163,192,324,233,30,0,52,234,122,368,185,926,890,116,358,310,224,110,936
1375,1375,1910,1735,1762,1719,1795,1707,1765,1785,1648,1030,1701,1737,1860,1529,1661,1662,1368,973,1032,1547,1282,755,1100,1170,821,1246,1269,1121,1071,1316,1097,585,713,560,1771,735,756,684,790,977,470,1099,812,1725,1110,639,374,400,413,225,302,260,326,253,143,280,136,198,131,160,292,285,82,52,0,266,154,400,133,958,922,148,306,258,172,142,968
1641,1641,1652,1477,1504,1461,1537,1449,1507,1527,1390,976,1443,1479,1602,1271,1403,1404,1110,817,774,1289,1024,921,1366,912,1087,988,1011,863,813,1058,839,851,979,806,1513,1001,498,426,532,719,442,841,554,1467,852,381,382,350,335,491,568,382,592,519,377,238,402,464,397,426,558,27,206,234,266,0,118,134,391,692,656,228,564,516,430,298,702
1529,1529,1770,1595,1622,1579,1655,1567,1625,1645,1508,890,1561,1597,1720,1389,1521,1522,1228,833,892,1407,1142,809,1254,1030,975,1106,1129,981,931,1176,957,739,867,694,1631,889,616,544,650,837,330,959,672,1585,970,499,270,260,273,379,456,270,480,407,265,140,290,352,285,314,446,145,94,122,154,118,0,246,273,804,768,110,446,398,312,180,814
1775,1775,1564,1389,1416,1373,1449,1361,1419,1439,1302,1110,1355,1391,1514,1183,1315,1316,1022,951,890,1201,936,1055,1500,824,1221,900,923,775,725,970,751,985,1113,940,1425,1135,574,504,444,631,576,753,466,1379,764,293,516,484,469,625,702,516,726,653,511,372,536,598,531,560,692,145,340,368,400,134,246,0,479,558,522,316,652,604,518,386,568
1316,1316,2043,1868,1895,1852,1928,1840,1898,1918,1781,1163,1834,1870,1993,1662,1794,1795,1501,1106,1165,1680,1415,888,1041,1303,762,1379,1402,1254,1204,1449,1230,688,654,693,1904,676,889,817,923,1110,603,1232,945,1858,1243,772,507,533,546,318,243,393,267,200,276,413,249,179,122,101,233,418,215,185,133,391,273,479,0,1017,981,207,173,125,65,201,1027
2333,2333,1274,1031,982,1023,929,1003,939,915,1052,1668,995,957,976,1111,897,890,1164,1509,1448,869,1114,1613,2058,1138,1779,948,921,1061,1071,818,1037,1543,1671,1498,887,1693,1132,1062,942,679,1134,485,766,841,400,819,1074,1042,1027,1183,1260,1074,1284,1211,1069,930,1094,1156,1089,1118,1250,703,898,926,958,692,804,558,1017,0,58,854,1190,1142,1056,924,148
2297,2297,1238,995,946,987,969,967,939,959,1016,1632,959,921,1034,1075,861,854,1128,1473,1412,833,1078,1577,2022,1102,1743,912,885,1025,1035,782,1001,1507,1635,1462,945,1657,1096,1026,906,643,1098,449,730,899,364,783,1038,1006,991,1147,1224,1038,1248,1175,1033,894,1058,1120,1053,1082,1214,667,862,890,922,656,768,522,981,58,0,796,1132,1084,998,866,90
1523,1523,1880,1705,1732,1689,1765,1677,1735,1755,1618,1000,1671,1707,1830,1499,1631,1632,1338,943,1002,1517,1252,803,1248,1140,969,1216,1239,1091,1041,1286,1067,733,861,688,1741,883,726,654,760,947,440,1069,782,1695,1080,609,344,370,383,373,450,264,474,401,259,250,284,346,279,308,440,255,88,116,148,228,110,316,207,854,796,0,336,288,202,70,820
1413,1407,2216,2041,2068,2025,2101,2013,2071,2091,1954,1336,2007,2043,2166,1835,1967,1968,1674,1279,1338,1853,1588,1061,912,1476,745,1552,1575,1427,1377,1622,1403,861,717,866,2077,547,1062,990,1096,1283,776,1405,1118,2031,1416,945,680,706,719,491,384,566,354,373,449,586,422,352,295,236,104,591,388,358,306,564,446,652,173,1190,1132,336,0,104,194,330,1156
1365,1359,2168,1993,2020,1977,2053,1965,2023,2043,1906,1288,1959,1995,2118,1787,1919,1920,1626,1231,1290,1805,1540,1013,1016,1428,737,1504,1527,1379,1329,1574,1355,813,669,818,2029,651,1014,942,1048,1235,728,1357,1070,1983,1368,897,632,658,671,443,336,518,306,325,401,538,374,304,247,188,208,543,340,310,258,516,398,604,125,1142,1084,288,104,0,90,226,1052
1381,1381,2082,1907,1934,1891,1967,1879,1937,1957,1820,1202,1873,1909,2032,1701,1833,1834,1540,1145,1204,1719,1454,927,1106,1342,827,1418,1441,1293,1243,1488,1269,727,719,732,1943,741,928,856,962,1149,642,1271,984,1897,1282,811,546,572,585,357,308,432,332,259,315,452,288,218,161,166,298,457,254,224,172,430,312,518,65,1056,998,202,194,90,0,136,962
1517,1517,1950,1775,1802,1759,1835,1747,1805,1825,1688,1070,1741,1777,1900,1569,1701,1702,1408,1013,1072,1587,1322,797,1242,1210,963,1286,1309,1161,1111,1356,1137,727,855,682,1811,877,796,724,830,1017,510,1139,852,1765,1150,679,414,440,453,367,444,300,468,395,253,320,278,340,273,302,434,325,122,110,142,298,180,386,201,924,866,70,330,226,136,0,826
2343,2343,1284,1041,1026,1033,1059,1013,1029,1049,1062,1678,1005,1001,1124,1121,925,926,1174,1519,1458,879,1124,1623,2068,1148,1789,958,931,1071,1081,828,1047,1553,1681,1508,1035,1703,1142,1072,952,689,1144,495,776,989,410,829,1084,1052,1037,1193,1270,1084,1294,1221,1079,940,1104,1166,1099,1128,1260,713,908,936,968,702,814,568,1027,148,90,820,1156,1052,962,826,0
