0,10,2,6,5,4,8,4,6,6,15,3,8,1,3,2,10,6,15,82,25,55,28,14,8,40,9,8,58,10,2,3,3,18,10,8,9,4,5,9,7,16,28,5,2,4,2,11,10,33,6,14,19,8,5,8,10,9,6,15,8,18,32,6,7,16,9,4,2,6,4,8,5,8,8,18,7,14,7,10,16,11,9,9,11,40,4,11,10,11,6,8,8,11,6,5
0,0,1,1,0,1,1,0,0,0,0,0,1,1,0,0,0,0,1,0,0,0,10,0,0,1,6,1,0,1,0,1,1,0,0,0,1,0,0,0,1,0,0,1,0,1,1,0,0,0,0,1,0,1,0,0,0,0,0,5,0,1,1,1,0,0,1,1,0,0,1,0,0,1,1,1,0,0,0,0,0,0,1,1,1,0,0,0,0,0,1,0,1,0,1,2
0,1,0,0,1,0,0,1,1,1,1,1,0,0,1,1,1,1,0,1,1,1,0,1,1,0,0,0,1,0,1,0,0,1,1,1,0,1,1,1,0,1,1,0,1,0,0,1,1,1,1,0,1,0,1,1,1,1,1,0,1,0,0,0,1,1,0,0,1,1,0,1,1,0,0,0,1,1,1,1,1,1,0,0,0,1,1,1,1,1,0,1,0,1,0,0
0,-1,1,1,-1,1,1,-1,-1,-1,-1,-1,1,1,-1,-1,-1,-1,1,-1,-1,-1,10,-1,-1,1,6,1,-1,1,-1,1,1,-1,-1,-1,1,-1,-1,-1,1,-1,-1,1,-1,1,1,-1,-1,-1,-1,1,-1,1,-1,-1,-1,-1,-1,5,-1,1,1,1,-1,-1,1,1,-1,-1,1,-1,-1,1,1,1,-1,-1,-1,-1,-1,-1,1,1,1,-1,-1,-1,-1,-1,1,-1,1,-1,1,2
0,6,1059,1350,1302,1387,1351,1310,1394,1418,1281,1338,1317,1376,1136,673,1551,1222,1436,1443,714,712,824,885,553,552,1436,1223,1524,1219,1096,720,748,845,1195,708,734,776,1412,770,1320,1515,790,1462,835,1408,2136,1201,1271,1365,1194,1654,1167,1567,2524,1933,1468,1453,1514,1259,1291,1150,1109,2550,1289,1259,1059,1270,1151,1710,1264,1403,1239,1177,1328,1244,1235,1215,1210,1327,1304,1630,1435,1407,1641,1529,1775,1316,2333,1311,1529,1365,1381,1517,1577,2343
6,0,1059,1350,1302,1387,1351,1310,1394,1418,1281,1338,1317,1376,1136,673,1551,1222,1436,1443,714,712,824,885,547,546,1436,1223,1524,1219,1090,720,748,839,1195,708,734,776,1412,770,1320,1515,790,1462,835,1408,2136,1201,1271,1365,1194,1654,1167,1567,2524,1933,1468,1453,1514,1259,1291,1150,1109,2550,1289,1259,1053,1270,1151,1710,1264,1403,1239,1177,1328,1244,1235,1215,1204,1321,1304,1630,1435,1407,1641,1529,1775,1316,2333,1305,1523,1359,1381,1517,1571,2343
1059,1059,0,291,243,328,292,251,335,359,262,279,258,317,419,898,492,381,377,384,1045,1049,937,878,1356,1355,377,576,465,628,1899,1155,1161,1648,740,1261,1289,1249,641,1335,789,594,1355,703,1350,819,1077,1154,1226,1146,1319,933,1474,1098,1465,874,1285,1302,1271,1536,1510,1725,1766,1491,1618,1650,1862,1661,1814,1291,1767,1630,1794,1864,1825,1921,1958,1980,2013,2130,1913,1625,1828,1858,1652,1770,1564,2043,1274,2114,2332,2168,2082,1950,2380,1284
1350,1350,291,0,76,37,49,92,46,68,163,110,131,74,320,799,201,282,150,149,946,950,838,779,1257,1256,252,477,182,529,1800,1056,1062,1549,641,1162,1190,1150,542,1236,690,495,1256,604,1251,720,786,1055,1127,1047,1220,834,1375,999,1174,701,1186,1203,1172,1437,1411,1626,1667,1200,1519,1551,1763,1562,1715,1192,1668,1531,1695,1765,1726,1822,1859,1881,1914,2031,1814,1526,1729,1759,1553,1671,1465,1944,983,2015,2233,2069,1983,1851,2281,1075
1302,1302,243,76,0,85,49,16,92,116,87,36,55,74,244,723,249,206,134,141,870,874,762,703,1181,1180,176,401,222,453,1724,980,986,1473,565,1086,1114,1074,466,1160,614,419,1180,528,1175,644,834,979,1051,971,1144,758,1299,923,1222,631,1110,1127,1096,1361,1335,1550,1591,1248,1443,1475,1687,1486,1639,1116,1592,1455,1619,1689,1650,1746,1783,1805,1838,1955,1738,1450,1653,1683,1477,1595,1389,1868,1031,1939,2157,1993,1907,1775,2205,1041
1387,1387,328,37,85,0,48,91,45,31,162,109,130,73,319,798,164,281,149,148,945,949,837,778,1256,1255,251,476,181,528,1799,1055,1061,1548,640,1161,1189,1149,541,1235,689,494,1255,603,1250,719,749,1054,1126,1046,1219,833,1374,998,1137,700,1185,1202,1171,1436,1410,1625,1666,1163,1518,1550,1762,1561,1714,1191,1667,1530,1694,1764,1725,1821,1858,1880,1913,2030,1813,1525,1728,1758,1552,1670,1464,1943,946,2014,2232,2068,1982,1850,2280,1074
1351,1351,292,49,49,48,0,43,43,67,114,61,82,25,271,750,200,233,101,100,897,901,789,730,1208,1207,203,428,173,480,1751,1007,1013,1500,592,1113,1141,1101,493,1187,641,446,1207,555,1202,671,785,1006,1078,998,1171,785,1326,950,1173,652,1137,1154,1123,1388,1362,1577,1618,1199,1470,1502,1714,1513,1666,1143,1619,1482,1646,1716,1677,1773,1810,1832,1865,1982,1765,1477,1680,1710,1504,1622,1416,1895,982,1966,2184,2020,1934,1802,2232,1026
1310,1310,251,92,16,91,43,0,84,108,71,28,39,66,228,707,241,190,126,133,854,858,746,687,1165,1164,160,385,214,437,1708,964,970,1457,549,1070,1098,1058,450,1144,598,403,1164,512,1159,628,826,963,1035,955,1128,742,1283,907,1214,623,1094,1111,1080,1345,1319,1534,1575,1240,1427,1459,1671,1470,1623,1100,1576,1439,1603,1673,1634,1730,1767,1789,1822,1939,1722,1434,1637,1667,1461,1579,1373,1852,1023,1923,2141,1977,1891,1759,2189,1033
1394,1394,335,46,92,45,43,84,0,24,117,64,85,28,274,753,157,236,104,103,900,904,792,733,1211,1210,206,431,136,483,1754,1010,1016,1503,595,1116,1144,1104,496,1190,644,449,1210,558,1205,674,742,1009,1081,1001,1174,788,1329,953,1130,655,1140,1157,1126,1391,1365,1580,1621,1156,1473,1505,1717,1516,1669,1146,1622,1485,1649,1719,1680,1776,1813,1835,1868,1985,1768,1480,1683,1713,1507,1625,1419,1898,939,1969,2187,2023,1937,1805,2235,1029
1418,1418,359,68,116,31,67,108,24,0,137,84,105,48,294,773,133,256,124,123,920,924,812,753,1231,1230,226,451,156,503,1774,1030,1036,1523,615,1136,1164,1124,516,1210,664,469,1230,578,1225,694,718,1029,1101,1021,1194,808,1349,973,1106,675,1160,1177,1146,1411,1385,1600,1641,1132,1493,1525,1737,1536,1689,1166,1642,1505,1669,1739,1700,1796,1833,1855,1888,2005,1788,1500,1703,1733,1527,1645,1439,1918,915,1989,2207,2043,1957,1825,2255,1049
1281,1281,262,163,87,162,114,71,117,137,0,57,36,95,157,636,270,119,155,162,783,787,675,616,1094,1093,155,314,243,366,1637,893,899,1386,478,999,1027,987,379,1073,527,332,1093,441,1088,557,855,892,964,884,1057,671,1212,836,1243,652,1023,1040,1009,1274,1248,1463,1504,1269,1356,1388,1600,1399,1552,1029,1505,1368,1532,1602,1563,1659,1696,1718,1751,1868,1651,1363,1566,1596,1390,1508,1302,1781,1052,1852,2070,1906,1820,1688,2118,1062
1338,1338,279,110,36,109,61,28,64,84,57,0,21,38,210,689,213,172,98,105,836,840,728,669,1147,1146,142,367,186,419,1690,946,952,1439,531,1052,1080,1040,432,1126,580,385,1146,494,1141,610,798,945,1017,937,1110,724,1265,889,1186,595,1076,1093,1062,1327,1301,1516,1557,1212,1409,1441,1653,1452,1605,1082,1558,1421,1585,1655,1616,1712,1749,1771,1804,1921,1704,1416,1619,1649,1443,1561,1355,1834,995,1905,2123,1959,1873,1741,2171,1005
1317,1317,258,131,55,130,82,39,85,105,36,21,0,59,189,668,234,151,119,126,815,819,707,648,1126,1125,121,346,207,398,1669,925,931,1418,510,1031,1059,1019,411,1105,559,364,1125,473,1120,589,819,924,996,916,1089,703,1244,868,1207,616,1055,1072,1041,1306,1280,1495,1536,1233,1388,1420,1632,1431,1584,1061,1537,1400,1564,1634,1595,1691,1728,1750,1783,1900,1683,1395,1598,1628,1422,1540,1334,1813,1016,1884,2102,1938,1852,1720,2150,1026
1376,1376,317,74,74,73,25,66,28,48,95,38,59,0,246,725,175,208,76,75,872,876,764,705,1183,1182,178,403,148,455,1726,982,988,1475,567,1088,1116,1076,468,1162,616,421,1182,530,1177,646,760,981,1053,973,1146,760,1301,925,1148,627,1112,1129,1098,1363,1337,1552,1593,1174,1445,1477,1689,1488,1641,1118,1594,1457,1621,1691,1652,1748,1785,1807,1840,1957,1740,1452,1655,1685,1479,1597,1391,1870,957,1941,2159,1995,1909,1777,2207,1001
1136,1136,419,320,244,319,271,228,274,294,157,210,189,246,0,479,415,86,300,307,626,630,518,459,937,936,300,157,388,209,1480,736,742,1229,321,842,870,830,276,916,370,379,936,326,931,400,1000,735,807,727,900,518,1055,679,1388,797,866,883,852,1117,1091,1306,1347,1414,1199,1231,1443,1242,1395,872,1348,1211,1375,1445,1406,1502,1539,1561,1594,1711,1494,1206,1409,1439,1233,1351,1145,1624,1197,1695,1913,1749,1663,1531,1961,1207
673,673,898,799,723,798,750,707,753,773,636,689,668,725,479,0,878,549,763,770,147,151,151,212,458,457,763,550,851,546,1001,257,263,750,522,363,391,351,739,437,647,842,457,789,452,735,1463,528,598,692,521,981,576,894,1851,1260,795,780,841,638,618,827,868,1877,720,752,964,763,916,1037,869,732,896,966,927,1023,1060,1082,1115,1232,1015,957,930,960,968,872,1102,1145,1660,1216,1434,1270,1184,1052,1482,1670
1551,1551,492,201,249,164,200,241,157,133,270,213,234,175,415,878,0,331,199,198,995,999,887,828,1306,1305,301,526,231,578,1849,1105,1111,1598,690,1211,1239,1199,591,1285,739,544,1305,653,1300,769,585,1104,1176,1096,1269,883,1424,1048,973,750,1235,1252,1221,1486,1460,1675,1716,999,1568,1600,1812,1611,1764,1241,1717,1580,1744,1814,1775,1871,1908,1930,1963,2080,1863,1575,1778,1808,1602,1720,1514,1993,976,2064,2282,2118,2032,1900,2330,1124
1222,1222,381,282,206,281,233,190,236,256,119,172,151,208,86,549,331,0,214,221,664,668,556,497,975,974,214,195,302,247,1518,774,780,1267,359,880,908,868,260,954,408,293,974,322,969,438,914,773,845,765,938,552,1093,717,1302,711,904,921,890,1155,1129,1344,1385,1328,1237,1269,1481,1280,1433,910,1386,1249,1413,1483,1444,1540,1577,1599,1632,1749,1532,1244,1447,1477,1271,1389,1183,1662,1111,1733,1951,1787,1701,1569,1999,1121
1436,1436,377,150,134,149,101,126,104,124,155,98,119,76,300,763,199,214,0,7,796,800,688,629,1107,1106,102,327,88,379,1650,906,912,1399,491,1012,1040,1000,392,1086,540,345,1106,454,1101,570,700,905,977,897,1070,684,1225,849,1088,551,1036,1053,1022,1287,1261,1476,1517,1114,1369,1401,1613,1412,1565,1042,1518,1381,1545,1615,1576,1672,1709,1731,1764,1881,1664,1376,1579,1609,1403,1521,1315,1794,897,1865,2083,1919,1833,1701,2131,925
1443,1443,384,149,141,148,100,133,103,123,162,105,126,75,307,770,198,221,7,0,797,801,689,630,1108,1107,103,328,81,380,1651,907,913,1400,492,1013,1041,1001,393,1087,541,346,1107,455,1102,571,693,906,978,898,1071,685,1226,850,1081,552,1037,1054,1023,1288,1262,1477,1518,1107,1370,1402,1614,1413,1566,1043,1519,1382,1546,1616,1577,1673,1710,1732,1765,1882,1665,1377,1580,1610,1404,1522,1316,1795,890,1866,2084,1920,1834,1702,2132,926
714,714,1045,946,870,945,897,854,900,920,783,836,815,872,626,147,995,664,796,797,0,4,110,171,311,310,722,509,810,505,854,110,116,603,481,216,244,204,698,290,606,801,310,748,305,694,1422,487,557,651,480,940,453,853,1810,1219,754,739,800,545,577,680,721,1836,575,605,817,616,769,996,722,689,749,819,780,876,913,935,968,1085,868,916,783,813,927,815,1061,998,1619,1069,1287,1123,1037,905,1335,1629
712,712,1049,950,874,949,901,858,904,924,787,840,819,876,630,151,999,668,800,801,4,0,112,173,307,306,724,511,812,507,850,106,112,599,483,212,240,200,700,286,608,803,306,750,301,696,1424,489,559,653,482,942,455,855,1812,1221,756,741,802,547,579,676,717,1838,577,601,813,612,765,998,718,691,745,815,776,872,909,931,964,1081,864,918,779,809,929,817,1063,994,1621,1065,1283,1119,1033,901,1331,1631
824,824,937,838,762,837,789,746,792,812,675,728,707,764,518,151,887,556,688,689,110,112,0,61,419,418,612,399,700,395,962,218,224,711,371,324,352,312,588,398,496,691,418,638,413,584,1312,377,447,541,382,830,537,743,1700,1109,644,629,690,599,573,788,829,1726,681,713,925,724,877,886,830,693,857,927,888,984,1021,1043,1076,1193,976,806,891,921,817,833,951,1106,1509,1177,1395,1231,1145,1013,1443,1519
885,885,878,779,703,778,730,687,733,753,616,669,648,705,459,212,828,497,629,630,171,173,61,0,478,477,551,338,639,334,1021,277,283,770,310,383,411,371,527,457,435,630,477,577,472,523,1251,316,386,480,441,769,596,682,1639,1048,583,568,629,658,632,847,888,1665,740,772,984,783,936,825,889,752,916,986,947,1043,1080,1102,1135,1252,1035,747,950,980,774,892,890,1165,1448,1236,1454,1290,1204,1072,1502,1458
553,547,1356,1257,1181,1256,1208,1165,1211,1231,1094,1147,1126,1183,937,458,1306,975,1107,1108,311,307,419,478,0,7,1017,804,1105,800,543,301,329,292,776,289,315,357,993,351,901,1096,371,1043,416,989,1717,782,852,946,775,1235,748,1148,2105,1514,1049,1034,1095,840,872,731,690,2131,870,840,630,851,732,1291,845,984,820,758,909,825,816,796,775,774,885,1211,1016,988,1222,1110,1356,897,1914,870,976,872,962,1098,1024,1924
552,546,1355,1256,1180,1255,1207,1164,1210,1230,1093,1146,1125,1182,936,457,1305,974,1106,1107,310,306,418,477,7,0,1010,797,1098,793,544,294,322,293,769,282,308,350,986,344,894,1089,364,1036,409,982,1710,775,845,939,768,1228,741,1141,2098,1507,1042,1027,1088,833,865,724,683,2124,863,833,623,844,725,1284,838,977,813,751,902,818,809,789,768,775,878,1204,1009,981,1215,1103,1349,890,1907,863,977,865,955,1091,1025,1917
1436,1436,377,252,176,251,203,160,206,226,155,142,121,178,300,763,301,214,102,103,722,724,612,551,1017,1010,0,225,88,277,1548,804,810,1297,389,910,938,898,290,984,438,243,1004,352,999,468,700,803,875,795,968,582,1123,747,1088,497,934,951,920,1185,1159,1374,1415,1114,1267,1299,1511,1310,1463,940,1416,1279,1443,1513,1474,1570,1607,1629,1662,1779,1562,1274,1477,1507,1301,1419,1213,1692,897,1763,1981,1817,1731,1599,2029,907
1223,1223,576,477,401,476,428,385,431,451,314,367,346,403,157,550,526,195,327,328,509,511,399,338,804,797,225,0,301,52,1323,579,585,1072,164,685,713,673,189,759,213,292,779,239,774,243,913,578,650,570,743,431,898,522,1301,710,709,726,695,960,934,1149,1190,1327,1042,1074,1286,1085,1238,715,1191,1054,1218,1288,1249,1345,1382,1404,1437,1554,1337,1049,1252,1282,1076,1194,988,1467,1110,1538,1756,1592,1506,1374,1804,1120
1524,1524,465,182,222,181,173,214,136,156,243,186,207,148,388,851,231,302,88,81,810,812,700,639,1105,1098,88,301,0,347,1618,874,880,1367,459,980,1008,968,360,1054,508,313,1074,422,1069,538,612,873,945,865,1038,652,1193,817,1000,519,1004,1021,990,1255,1229,1444,1485,1026,1337,1369,1581,1380,1533,1010,1486,1349,1513,1583,1544,1640,1677,1699,1732,1849,1632,1344,1547,1577,1371,1489,1283,1762,809,1833,2051,1887,1801,1669,2099,893
1219,1219,628,529,453,528,480,437,483,503,366,419,398,455,209,546,578,247,379,380,505,507,395,334,800,793,277,52,347,0,1271,527,533,1020,112,633,661,621,193,707,161,296,727,243,722,191,917,526,598,518,691,435,846,470,1305,714,657,674,643,908,882,1097,1138,1331,990,1022,1234,1033,1186,663,1139,1002,1166,1236,1197,1293,1330,1352,1385,1502,1285,997,1200,1230,1024,1142,936,1415,1114,1486,1704,1540,1454,1322,1752,1124
1096,1090,1899,1800,1724,1799,1751,1708,1754,1774,1637,1690,1669,1726,1480,1001,1849,1518,1650,1651,854,850,962,1021,543,544,1548,1323,1618,1271,0,760,788,315,1235,748,774,816,1452,810,1360,1555,830,1502,875,1448,2176,1241,1311,1405,1234,1694,1207,1607,2564,1973,1508,1493,1554,1299,1331,1190,1149,2590,1329,1299,1089,1310,1191,1750,1304,1443,1279,1217,1368,1284,1275,1255,1234,1123,1344,1670,1475,1447,1681,1569,1815,1356,2373,1329,1111,1331,1421,1557,1177,2383
720,720,1155,1056,980,1055,1007,964,1010,1030,893,946,925,982,736,257,1105,774,906,907,110,106,218,277,301,294,804,579,874,527,760,0,28,493,475,106,134,94,692,180,600,795,200,742,195,688,1416,481,551,645,474,934,447,847,1804,1213,748,733,794,539,571,570,611,1830,569,539,707,550,659,990,612,683,639,709,670,766,803,825,858,975,758,910,715,703,921,809,1055,888,1613,959,1177,1013,927,797,1225,1623
748,748,1161,1062,986,1061,1013,970,1016,1036,899,952,931,988,742,263,1111,780,912,913,116,112,224,283,329,322,810,585,880,533,788,28,0,487,447,100,128,88,664,174,572,767,194,714,189,660,1388,453,523,617,446,906,419,819,1776,1185,720,705,766,511,543,564,605,1802,541,511,701,522,653,962,606,655,633,703,664,760,797,819,852,969,752,882,687,697,893,781,1027,882,1585,953,1171,1007,921,789,1219,1595
845,839,1648,1549,1473,1548,1500,1457,1503,1523,1386,1439,1418,1475,1229,750,1598,1267,1399,1400,603,599,711,770,292,293,1297,1072,1367,1020,315,493,487,0,920,433,459,501,1137,495,1045,1240,515,1187,560,1133,1861,926,996,1090,919,1379,892,1292,2249,1658,1193,1178,1239,984,1016,875,834,2275,1014,984,774,995,876,1435,989,1128,964,902,1053,969,960,940,919,808,1029,1355,1160,1132,1366,1254,1500,1041,2058,1014,796,1016,1106,1242,862,2068
1195,1195,740,641,565,640,592,549,595,615,478,531,510,567,321,522,690,359,491,492,481,483,371,310,776,769,389,164,459,112,1235,475,447,920,0,521,549,509,217,595,125,320,615,267,610,213,941,414,486,406,579,459,734,372,1329,738,545,562,531,796,770,985,1026,1355,878,910,1122,921,1074,551,1027,890,1054,1124,1085,1181,1218,1240,1273,1390,1173,885,1088,1118,912,1030,824,1303,1138,1374,1592,1428,1342,1210,1640,1148
708,708,1261,1162,1086,1161,1113,1070,1116,1136,999,1052,1031,1088,842,363,1211,880,1012,1013,216,212,324,383,289,282,910,685,980,633,748,106,100,433,521,0,28,68,704,74,612,807,94,754,127,700,1428,493,563,657,486,946,459,859,1816,1225,760,745,806,551,583,464,505,1842,581,551,601,562,553,1002,556,695,533,603,620,660,697,719,752,869,652,922,727,699,933,821,1067,782,1625,853,1071,907,821,809,1119,1635
734,734,1289,1190,1114,1189,1141,1098,1144,1164,1027,1080,1059,1116,870,391,1239,908,1040,1041,244,240,352,411,315,308,938,713,1008,661,774,134,128,459,549,28,0,42,678,46,586,781,66,728,101,674,1402,467,537,631,460,920,433,833,1790,1199,734,719,780,525,557,436,477,1816,555,525,573,536,525,976,530,669,505,575,594,632,669,691,724,841,624,896,701,673,907,795,1041,754,1599,825,1043,879,793,783,1091,1609
776,776,1249,1150,1074,1149,1101,1058,1104,1124,987,1040,1019,1076,830,351,1199,868,1000,1001,204,200,312,371,357,350,898,673,968,621,816,94,88,501,509,68,42,0,636,86,544,739,106,686,101,632,1360,425,495,589,418,878,391,791,1748,1157,692,677,738,483,515,476,517,1774,513,483,613,494,565,934,518,627,545,615,576,672,709,731,764,881,664,854,659,631,865,753,999,794,1557,865,1083,919,833,741,1131,1567
1412,1412,641,542,466,541,493,450,496,516,379,432,411,468,276,739,591,260,392,393,698,700,588,527,993,986,290,189,360,193,1452,692,664,1137,217,704,678,636,0,694,148,103,714,62,709,178,724,513,585,505,678,292,833,457,1112,521,644,661,630,895,869,1084,1125,1138,977,1009,1221,1020,1173,650,1126,989,1153,1223,1184,1280,1317,1339,1372,1489,1272,984,1187,1217,1011,1129,923,1402,921,1473,1691,1527,1441,1309,1739,931
770,770,1335,1236,1160,1235,1187,1144,1190,1210,1073,1126,1105,1162,916,437,1285,954,1086,1087,290,286,398,457,351,344,984,759,1054,707,810,180,174,495,595,74,46,86,694,0,550,745,20,692,65,638,1366,431,501,595,424,884,397,797,1754,1163,698,683,744,489,521,390,431,1780,519,489,527,500,479,940,494,633,469,529,558,586,623,645,678,795,578,860,665,637,871,759,1005,708,1563,779,997,833,747,747,1045,1573
1320,1320,789,690,614,689,641,598,644,664,527,580,559,616,370,647,739,408,540,541,606,608,496,435,901,894,438,213,508,161,1360,600,572,1045,125,612,586,544,148,550,0,195,566,142,561,88,816,365,437,357,530,334,685,309,1204,613,496,513,482,747,721,936,977,1230,829,861,1073,872,1025,502,978,841,1005,1075,1036,1132,1169,1191,1224,1341,1124,836,1039,1069,863,981,775,1254,1013,1325,1543,1379,1293,1161,1591,1023
1515,1515,594,495,419,494,446,403,449,469,332,385,364,421,379,842,544,293,345,346,801,803,691,630,1096,1089,243,292,313,296,1555,795,767,1240,320,807,781,739,103,745,195,0,761,109,756,225,621,560,632,552,725,339,880,504,1009,418,691,708,677,942,916,1131,1172,1035,1024,1056,1268,1067,1220,697,1173,1036,1200,1270,1231,1327,1364,1386,1419,1536,1319,1031,1234,1264,1058,1176,970,1449,818,1520,1738,1574,1488,1356,1786,828
790,790,1355,1256,1180,1255,1207,1164,1210,1230,1093,1146,1125,1182,936,457,1305,974,1106,1107,310,306,418,477,371,364,1004,779,1074,727,830,200,194,515,615,94,66,106,714,20,566,761,0,672,45,618,1346,411,481,575,404,864,377,777,1734,1143,678,663,724,469,501,370,411,1760,499,469,507,480,459,920,474,613,449,509,538,566,603,625,658,775,558,840,645,617,851,739,985,688,1543,759,977,813,727,727,1025,1553
1462,1462,703,604,528,603,555,512,558,578,441,494,473,530,326,789,653,322,454,455,748,750,638,577,1043,1036,352,239,422,243,1502,742,714,1187,267,754,728,686,62,692,142,109,672,0,647,116,674,451,523,443,616,230,771,395,1062,471,582,599,568,833,807,1022,1063,1088,915,947,1159,958,1111,588,1064,927,1091,1161,1122,1218,1255,1277,1310,1427,1210,922,1125,1155,949,1067,861,1340,871,1411,1629,1465,1379,1247,1677,881
835,835,1350,1251,1175,1250,1202,1159,1205,1225,1088,1141,1120,1177,931,452,1300,969,1101,1102,305,301,413,472,416,409,999,774,1069,722,875,195,189,560,610,127,101,101,709,65,561,756,45,647,0,573,1301,366,436,530,359,819,332,732,1689,1098,633,618,679,424,456,375,416,1715,454,424,512,435,464,875,429,568,444,514,493,571,608,630,663,780,563,795,600,572,806,694,940,693,1498,764,982,818,732,682,1030,1508
1408,1408,819,720,644,719,671,628,674,694,557,610,589,646,400,735,769,438,570,571,694,696,584,523,989,982,468,243,538,191,1448,688,660,1133,213,700,674,632,178,638,88,225,618,116,573,0,728,335,407,327,500,246,655,279,1116,525,466,483,452,717,691,906,947,1142,799,831,1043,842,995,472,948,811,975,1045,1006,1102,1139,1161,1194,1311,1094,806,1009,1039,833,951,745,1224,925,1295,1513,1349,1263,1131,1561,935
2136,2136,1077,786,834,749,785,826,742,718,855,798,819,760,1000,1463,585,914,700,693,1422,1424,1312,1251,1717,1710,700,913,612,917,2176,1416,1388,1861,941,1428,1402,1360,724,1366,816,621,1346,674,1301,728,0,1015,1087,1007,1180,794,1335,959,388,661,1146,1163,1132,1397,1371,1586,1627,414,1479,1511,1723,1522,1675,1152,1628,1491,1655,1725,1686,1782,1819,1841,1874,1991,1774,1486,1689,1719,1513,1631,1425,1904,887,1975,2193,2029,1943,1811,2241,1035
1201,1201,1154,1055,979,1054,1006,963,1009,1029,892,945,924,981,735,528,1104,773,905,906,487,489,377,316,782,775,803,578,873,526,1241,481,453,926,414,493,467,425,513,431,365,560,411,451,366,335,1015,0,72,164,165,453,320,366,1323,732,267,252,313,382,356,571,612,1349,464,496,708,507,660,509,613,476,640,710,671,767,804,826,859,976,759,471,674,704,498,616,574,889,1132,960,1178,1014,928,796,1226,1142
1271,1271,1226,1127,1051,1126,1078,1035,1081,1101,964,1017,996,1053,807,598,1176,845,977,978,557,559,447,386,852,845,875,650,945,598,1311,551,523,996,486,563,537,495,585,501,437,632,481,523,436,407,1087,72,0,94,93,383,248,296,1253,662,197,182,243,310,284,499,540,1279,392,424,636,435,588,439,541,404,568,638,599,695,732,754,787,904,687,399,602,632,426,544,504,817,1062,888,1106,942,856,724,1154,1072
1365,1365,1146,1047,971,1046,998,955,1001,1021,884,937,916,973,727,692,1096,765,897,898,651,653,541,480,946,939,795,570,865,518,1405,645,617,1090,406,657,631,589,505,595,357,552,575,443,530,327,1007,164,94,0,173,289,328,202,1159,568,139,156,149,390,364,579,620,1185,472,504,716,515,668,345,621,484,648,718,679,775,812,834,867,984,767,479,682,712,506,624,418,897,968,968,1186,1022,936,804,1234,978
1194,1194,1319,1220,1144,1219,1171,1128,1174,1194,1057,1110,1089,1146,900,521,1269,938,1070,1071,480,482,382,441,775,768,968,743,1038,691,1234,474,446,919,579,486,460,418,678,424,530,725,404,616,359,500,1180,165,93,173,0,460,155,373,1330,739,274,259,320,217,191,406,447,1356,299,331,543,342,495,516,448,311,475,545,506,602,639,661,694,811,594,436,509,539,447,451,581,724,1139,795,1013,849,763,631,1061,1149
1654,1654,933,834,758,833,785,742,788,808,671,724,703,760,518,981,883,552,684,685,940,942,830,769,1235,1228,582,431,652,435,1694,934,906,1379,459,946,920,878,292,884,334,339,864,230,819,246,794,453,383,289,460,0,541,165,870,279,352,369,338,603,577,792,833,896,685,717,929,728,881,358,834,697,861,931,892,988,1025,1047,1080,1197,980,692,895,925,719,837,631,1110,679,1181,1399,1235,1149,1017,1447,689
1167,1167,1474,1375,1299,1374,1326,1283,1329,1349,1212,1265,1244,1301,1055,576,1424,1093,1225,1226,453,455,537,596,748,741,1123,898,1193,846,1207,447,419,892,734,459,433,391,833,397,685,880,377,771,332,655,1335,320,248,328,155,541,0,400,1357,766,301,286,347,92,124,251,292,1383,144,176,388,187,340,543,293,236,320,390,351,447,484,506,539,656,439,463,354,384,474,362,608,569,1166,640,858,694,608,476,906,1176
1567,1567,1098,999,923,998,950,907,953,973,836,889,868,925,679,894,1048,717,849,850,853,855,743,682,1148,1141,747,522,817,470,1607,847,819,1292,372,859,833,791,457,797,309,504,777,395,732,279,959,366,296,202,373,165,400,0,957,366,187,204,173,438,412,627,668,983,520,552,764,563,716,193,669,532,696,766,727,823,860,882,915,1032,815,527,730,760,554,672,466,945,766,1016,1234,1070,984,852,1282,776
2524,2524,1465,1174,1222,1137,1173,1214,1130,1106,1243,1186,1207,1148,1388,1851,973,1302,1088,1081,1810,1812,1700,1639,2105,2098,1088,1301,1000,1305,2564,1804,1776,2249,1329,1816,1790,1748,1112,1754,1204,1009,1734,1062,1689,1116,388,1323,1253,1159,1330,870,1357,957,0,615,1100,1117,1086,1351,1325,1540,1581,162,1433,1465,1677,1476,1629,1106,1582,1445,1609,1679,1640,1736,1773,1795,1828,1945,1728,1440,1643,1673,1467,1585,1379,1858,841,1929,2147,1983,1897,1765,2195,989
1933,1933,874,701,631,700,652,623,655,675,652,595,616,627,797,1260,750,711,551,552,1219,1221,1109,1048,1514,1507,497,710,519,714,1973,1213,1185,1658,738,1225,1199,1157,521,1163,613,418,1143,471,1098,525,661,732,662,568,739,279,766,366,615,0,485,502,471,736,710,925,966,617,818,850,1062,861,1014,491,967,830,994,1064,1025,1121,1158,1180,1213,1330,1113,825,1028,1058,852,970,764,1243,400,1314,1532,1368,1282,1150,1580,410
1468,1468,1285,1186,1110,1185,1137,1094,1140,1160,1023,1076,1055,1112,866,795,1235,904,1036,1037,754,756,644,583,1049,1042,934,709,1004,657,1508,748,720,1193,545,760,734,692,644,698,496,691,678,582,633,466,1146,267,197,139,274,352,301,187,1100,485,0,17,46,251,225,440,481,1082,333,365,577,376,529,242,482,345,509,579,540,636,673,695,728,845,628,340,543,573,367,485,307,758,865,829,1047,883,797,665,1095,875
1453,1453,1302,1203,1127,1202,1154,1111,1157,1177,1040,1093,1072,1129,883,780,1252,921,1053,1054,739,741,629,568,1034,1027,951,726,1021,674,1493,733,705,1178,562,745,719,677,661,683,513,708,663,599,618,483,1163,252,182,156,259,369,286,204,1117,502,17,0,61,234,208,423,464,1097,316,348,560,359,512,257,465,328,492,562,523,619,656,678,711,828,611,323,526,556,350,468,322,741,880,812,1030,866,780,648,1078,890
1514,1514,1271,1172,1096,1171,1123,1080,1126,1146,1009,1062,1041,1098,852,841,1221,890,1022,1023,800,802,690,629,1095,1088,920,695,990,643,1554,794,766,1239,531,806,780,738,630,744,482,677,724,568,679,452,1132,313,243,149,320,338,347,173,1086,471,46,61,0,265,239,454,495,1036,347,379,591,390,543,196,496,359,523,593,554,650,687,709,742,859,642,354,557,587,381,499,293,772,819,843,1061,897,811,679,1109,829
1259,1259,1536,1437,1361,1436,1388,1345,1391,1411,1274,1327,1306,1363,1117,638,1486,1155,1287,1288,545,547,599,658,840,833,1185,960,1255,908,1299,539,511,984,796,551,525,483,895,489,747,942,469,833,424,717,1397,382,310,390,217,603,92,438,1351,736,251,234,265,0,32,189,230,1291,82,114,326,125,278,451,231,144,258,328,289,385,422,444,477,594,377,371,292,322,382,270,516,507,1074,578,796,632,546,414,844,1084
1291,1291,1510,1411,1335,1410,1362,1319,1365,1385,1248,1301,1280,1337,1091,618,1460,1129,1261,1262,577,579,573,632,872,865,1159,934,1229,882,1331,571,543,1016,770,583,557,515,869,521,721,916,501,807,456,691,1371,356,284,364,191,577,124,412,1325,710,225,208,239,32,0,215,256,1259,108,140,352,151,304,419,257,120,284,354,315,411,448,470,503,620,403,339,318,348,350,260,484,533,1042,604,822,658,572,440,870,1052
1150,1150,1725,1626,1550,1625,1577,1534,1580,1600,1463,1516,1495,1552,1306,827,1675,1344,1476,1477,680,676,788,847,731,724,1374,1149,1444,1097,1190,570,564,875,985,464,436,476,1084,390,936,1131,370,1022,375,906,1586,571,499,579,406,792,251,627,1540,925,440,423,454,189,215,0,41,1400,139,109,137,120,89,560,114,253,89,139,178,196,233,255,288,405,188,480,285,257,491,379,625,318,1183,389,607,443,357,367,655,1193
1109,1109,1766,1667,1591,1666,1618,1575,1621,1641,1504,1557,1536,1593,1347,868,1716,1385,1517,1518,721,717,829,888,690,683,1415,1190,1485,1138,1149,611,605,834,1026,505,477,517,1125,431,977,1172,411,1063,416,947,1627,612,540,620,447,833,292,668,1581,966,481,464,495,230,256,41,0,1441,180,150,96,161,48,601,155,294,130,98,219,155,192,214,247,364,195,521,326,298,532,420,666,277,1224,348,566,402,316,408,614,1234
2550,2550,1491,1200,1248,1163,1199,1240,1156,1132,1269,1212,1233,1174,1414,1877,999,1328,1114,1107,1836,1838,1726,1665,2131,2124,1114,1327,1026,1331,2590,1830,1802,2275,1355,1842,1816,1774,1138,1780,1230,1035,1760,1088,1715,1142,414,1349,1279,1185,1356,896,1383,983,162,617,1082,1097,1036,1291,1259,1400,1441,0,1271,1303,1515,1314,1467,944,1420,1283,1447,1517,1478,1574,1611,1633,1666,1783,1566,1278,1481,1511,1305,1423,1217,1696,679,1767,1985,1821,1735,1603,2033,827
1289,1289,1618,1519,1443,1518,1470,1427,1473,1493,1356,1409,1388,1445,1199,720,1568,1237,1369,1370,575,577,681,740,870,863,1267,1042,1337,990,1329,569,541,1014,878,581,555,513,977,519,829,1024,499,915,454,799,1479,464,392,472,299,685,144,520,1433,818,333,316,347,82,108,139,180,1271,0,32,244,43,196,421,149,114,176,246,207,303,340,362,395,512,295,341,210,240,352,240,486,425,1044,496,714,550,464,332,762,1054
1259,1259,1650,1551,1475,1550,1502,1459,1505,1525,1388,1441,1420,1477,1231,752,1600,1269,1401,1402,605,601,713,772,840,833,1299,1074,1369,1022,1299,539,511,984,910,551,525,483,1009,489,861,1056,469,947,424,831,1511,496,424,504,331,717,176,552,1465,850,365,348,379,114,140,109,150,1303,32,0,212,11,164,451,117,144,144,214,175,271,308,330,363,480,263,371,178,208,382,270,516,393,1074,464,682,518,432,300,730,1084
1059,1053,1862,1763,1687,1762,1714,1671,1717,1737,1600,1653,1632,1689,1443,964,1812,1481,1613,1614,817,813,925,984,630,623,1511,1286,1581,1234,1089,707,701,774,1122,601,573,613,1221,527,1073,1268,507,1159,512,1043,1723,708,636,716,543,929,388,764,1677,1062,577,560,591,326,352,137,96,1515,244,212,0,221,102,661,215,354,190,128,279,195,186,166,151,268,255,581,386,358,592,480,726,267,1284,252,470,306,332,468,518,1294
1270,1270,1661,1562,1486,1561,1513,1470,1516,1536,1399,1452,1431,1488,1242,763,1611,1280,1412,1413,616,612,724,783,851,844,1310,1085,1380,1033,1310,550,522,995,921,562,536,494,1020,500,872,1067,480,958,435,842,1522,507,435,515,342,728,187,563,1476,861,376,359,390,125,151,120,161,1314,43,11,221,0,153,440,106,133,133,203,164,260,297,319,352,469,252,360,167,197,371,259,505,382,1063,453,671,507,421,289,719,1073
1151,1151,1814,1715,1639,1714,1666,1623,1669,1689,1552,1605,1584,1641,1395,916,1764,1433,1565,1566,769,765,877,936,732,725,1463,1238,1533,1186,1191,659,653,876,1074,553,525,565,1173,479,1025,1220,459,1111,464,995,1675,660,588,668,495,881,340,716,1629,1014,529,512,543,278,304,89,48,1467,196,164,102,153,0,559,113,252,88,50,177,107,144,166,199,316,153,479,284,256,490,378,624,229,1182,300,518,354,268,366,566,1192
1710,1710,1291,1192,1116,1191,1143,1100,1146,1166,1029,1082,1061,1118,872,1037,1241,910,1042,1043,996,998,886,825,1291,1284,940,715,1010,663,1750,990,962,1435,551,1002,976,934,650,940,502,697,920,588,875,472,1152,509,439,345,516,358,543,193,1106,491,242,257,196,451,419,560,601,944,421,451,661,440,559,0,476,339,503,573,534,630,667,689,722,839,622,334,537,567,361,479,273,752,623,823,1041,877,791,659,1089,633
1264,1264,1767,1668,1592,1667,1619,1576,1622,1642,1505,1558,1537,1594,1348,869,1717,1386,1518,1519,722,718,830,889,845,838,1416,1191,1486,1139,1304,612,606,989,1027,556,530,518,1126,494,978,1173,474,1064,429,948,1628,613,541,621,448,834,293,669,1582,967,482,465,496,231,257,114,155,1420,149,117,215,106,113,476,0,139,27,97,64,154,191,213,246,363,146,366,171,143,377,265,511,276,1069,347,565,401,315,253,613,1079
1403,1403,1630,1531,1455,1530,1482,1439,1485,1505,1368,1421,1400,1457,1211,732,1580,1249,1381,1382,689,691,693,752,984,977,1279,1054,1349,1002,1443,683,655,1128,890,695,669,627,989,633,841,1036,613,927,568,811,1491,476,404,484,311,697,236,532,1445,830,345,328,359,144,120,253,294,1283,114,144,354,133,252,339,139,0,164,234,195,291,328,350,383,500,283,227,198,228,238,140,372,413,930,484,702,538,452,320,750,940
1239,1239,1794,1695,1619,1694,1646,1603,1649,1669,1532,1585,1564,1621,1375,896,1744,1413,1545,1546,749,745,857,916,820,813,1443,1218,1513,1166,1279,639,633,964,1054,533,505,545,1153,469,1005,1200,449,1091,444,975,1655,640,568,648,475,861,320,696,1609,994,509,492,523,258,284,89,130,1447,176,144,190,133,88,503,27,164,0,70,89,127,164,186,219,336,119,391,196,168,402,290,536,249,1094,320,538,374,288,278,586,1104
1177,1177,1864,1765,1689,1764,1716,1673,1719,1739,1602,1655,1634,1691,1445,966,1814,1483,1615,1616,819,815,927,986,758,751,1513,1288,1583,1236,1217,709,703,902,1124,603,575,615,1223,529,1075,1270,509,1161,514,1045,1725,710,638,718,545,931,390,766,1679,1064,579,562,593,328,354,139,98,1517,246,214,128,203,50,573,97,234,70,0,151,67,94,116,149,266,127,453,258,230,464,352,598,179,1156,250,468,304,218,340,516,1166
1328,1328,1825,1726,1650,1725,1677,1634,1680,1700,1563,1616,1595,1652,1406,927,1775,1444,1576,1577,780,776,888,947,909,902,1474,1249,1544,1197,1368,670,664,1053,1085,620,594,576,1184,558,1036,1231,538,1122,493,1006,1686,671,599,679,506,892,351,727,1640,1025,540,523,554,289,315,178,219,1478,207,175,279,164,177,534,64,195,89,151,0,96,133,155,188,305,88,302,107,79,313,201,447,218,1005,289,507,343,257,189,555,1015
1244,1244,1921,1822,1746,1821,1773,1730,1776,1796,1659,1712,1691,1748,1502,1023,1871,1540,1672,1673,876,872,984,1043,825,818,1570,1345,1640,1293,1284,766,760,969,1181,660,632,672,1280,586,1132,1327,566,1218,571,1102,1782,767,695,775,602,988,447,823,1736,1121,636,619,650,385,411,196,155,1574,303,271,195,260,107,630,154,291,127,67,96,0,37,59,92,209,60,386,191,163,397,285,531,122,1089,193,411,247,161,273,459,1099
1235,1235,1958,1859,1783,1858,1810,1767,1813,1833,1696,1749,1728,1785,1539,1060,1908,1577,1709,1710,913,909,1021,1080,816,809,1607,1382,1677,1330,1275,803,797,960,1218,697,669,709,1317,623,1169,1364,603,1255,608,1139,1819,804,732,812,639,1025,484,860,1773,1158,673,656,687,422,448,233,192,1611,340,308,186,297,144,667,191,328,164,94,133,37,0,22,55,172,69,395,200,172,406,294,540,85,1098,156,374,210,146,282,422,1108
1215,1215,1980,1881,1805,1880,1832,1789,1835,1855,1718,1771,1750,1807,1561,1082,1930,1599,1731,1732,935,931,1043,1102,796,789,1629,1404,1699,1352,1255,825,819,940,1240,719,691,731,1339,645,1191,1386,625,1277,630,1161,1841,826,754,834,661,1047,506,882,1795,1180,695,678,709,444,470,255,214,1633,362,330,166,319,166,689,213,350,186,116,155,59,22,0,33,150,89,415,220,192,426,314,560,101,1118,134,352,188,166,302,400,1128
1210,1204,2013,1914,1838,1913,1865,1822,1868,1888,1751,1804,1783,1840,1594,1115,1963,1632,1764,1765,968,964,1076,1135,775,768,1662,1437,1732,1385,1234,858,852,919,1273,752,724,764,1372,678,1224,1419,658,1310,663,1194,1874,859,787,867,694,1080,539,915,1828,1213,728,711,742,477,503,288,247,1666,395,363,151,352,199,722,246,383,219,149,188,92,55,33,0,117,110,436,241,213,447,335,581,122,1139,101,319,155,187,323,367,1149
1327,1321,2130,2031,1955,2030,1982,1939,1985,2005,1868,1921,1900,1957,1711,1232,2080,1749,1881,1882,1085,1081,1193,1252,774,775,1779,1554,1849,1502,1123,975,969,808,1390,869,841,881,1489,795,1341,1536,775,1427,780,1311,1991,976,904,984,811,1197,656,1032,1945,1330,845,828,859,594,620,405,364,1783,512,480,268,469,316,839,363,500,336,266,305,209,172,150,117,0,221,547,352,324,558,446,692,233,1250,206,202,208,298,434,250,1260
1304,1304,1913,1814,1738,1813,1765,1722,1768,1788,1651,1704,1683,1740,1494,1015,1863,1532,1664,1665,868,864,976,1035,885,878,1562,1337,1632,1285,1344,758,752,1029,1173,652,624,664,1272,578,1124,1319,558,1210,563,1094,1774,759,687,767,594,980,439,815,1728,1113,628,611,642,377,403,188,195,1566,295,263,255,252,153,622,146,283,119,127,88,60,69,89,110,221,0,326,131,103,337,225,471,130,1029,201,419,255,169,213,467,1039
1630,1630,1625,1526,1450,1525,1477,1434,1480,1500,1363,1416,1395,1452,1206,957,1575,1244,1376,1377,916,918,806,747,1211,1204,1274,1049,1344,997,1670,910,882,1355,885,922,896,854,984,860,836,1031,840,922,795,806,1486,471,399,479,436,692,463,527,1440,825,340,323,354,371,339,480,521,1278,341,371,581,360,479,334,366,227,391,453,302,386,395,415,436,547,326,0,203,233,27,145,145,418,703,489,707,543,457,325,755,713
1435,1435,1828,1729,1653,1728,1680,1637,1683,1703,1566,1619,1598,1655,1409,930,1778,1447,1579,1580,783,779,891,950,1016,1009,1477,1252,1547,1200,1475,715,687,1160,1088,727,701,659,1187,665,1039,1234,645,1125,600,1009,1689,674,602,682,509,895,354,730,1643,1028,543,526,557,292,318,285,326,1481,210,178,386,167,284,537,171,198,196,258,107,191,200,220,241,352,131,203,0,30,206,94,340,215,898,286,504,340,254,122,552,908
1407,1407,1858,1759,1683,1758,1710,1667,1713,1733,1596,1649,1628,1685,1439,960,1808,1477,1609,1610,813,809,921,980,988,981,1507,1282,1577,1230,1447,703,697,1132,1118,699,673,631,1217,637,1069,1264,617,1155,572,1039,1719,704,632,712,539,925,384,760,1673,1058,573,556,587,322,348,257,298,1511,240,208,358,197,256,567,143,228,168,230,79,163,172,192,213,324,103,233,30,0,234,122,368,185,926,256,474,310,224,110,522,936
1641,1641,1652,1553,1477,1552,1504,1461,1507,1527,1390,1443,1422,1479,1233,968,1602,1271,1403,1404,927,929,817,774,1222,1215,1301,1076,1371,1024,1681,921,893,1366,912,933,907,865,1011,871,863,1058,851,949,806,833,1513,498,426,506,447,719,474,554,1467,852,367,350,381,382,350,491,532,1305,352,382,592,371,490,361,377,238,402,464,313,397,406,426,447,558,337,27,206,234,0,118,134,391,692,462,680,516,430,298,728,702
1529,1529,1770,1671,1595,1670,1622,1579,1625,1645,1508,1561,1540,1597,1351,872,1720,1389,1521,1522,815,817,833,892,1110,1103,1419,1194,1489,1142,1569,809,781,1254,1030,821,795,753,1129,759,981,1176,739,1067,694,951,1631,616,544,624,451,837,362,672,1585,970,485,468,499,270,260,379,420,1423,240,270,480,259,378,479,265,140,290,352,201,285,294,314,335,446,225,145,94,122,118,0,246,273,804,344,562,398,312,180,610,814
1775,1775,1564,1465,1389,1464,1416,1373,1419,1439,1302,1355,1334,1391,1145,1102,1514,1183,1315,1316,1061,1063,951,890,1356,1349,1213,988,1283,936,1815,1055,1027,1500,824,1067,1041,999,923,1005,775,970,985,861,940,745,1425,574,504,418,581,631,608,466,1379,764,307,322,293,516,484,625,666,1217,486,516,726,505,624,273,511,372,536,598,447,531,540,560,581,692,471,145,340,368,134,246,0,479,558,550,768,604,518,386,816,568
1316,1316,2043,1944,1868,1943,1895,1852,1898,1918,1781,1834,1813,1870,1624,1145,1993,1662,1794,1795,998,994,1106,1165,897,890,1692,1467,1762,1415,1356,888,882,1041,1303,782,754,794,1402,708,1254,1449,688,1340,693,1224,1904,889,817,897,724,1110,569,945,1858,1243,758,741,772,507,533,318,277,1696,425,393,267,382,229,752,276,413,249,179,218,122,85,101,122,233,130,418,215,185,391,273,479,0,1017,71,289,125,65,201,337,1027
2333,2333,1274,983,1031,946,982,1023,939,915,1052,995,1016,957,1197,1660,976,1111,897,890,1619,1621,1509,1448,1914,1907,897,1110,809,1114,2373,1613,1585,2058,1138,1625,1599,1557,921,1563,1013,818,1543,871,1498,925,887,1132,1062,968,1139,679,1166,766,841,400,865,880,819,1074,1042,1183,1224,679,1044,1074,1284,1063,1182,623,1069,930,1094,1156,1005,1089,1098,1118,1139,1250,1029,703,898,926,692,804,558,1017,0,1088,1306,1142,1056,924,1354,148
1311,1305,2114,2015,1939,2014,1966,1923,1969,1989,1852,1905,1884,1941,1695,1216,2064,1733,1865,1866,1069,1065,1177,1236,870,863,1763,1538,1833,1486,1329,959,953,1014,1374,853,825,865,1473,779,1325,1520,759,1411,764,1295,1975,960,888,968,795,1181,640,1016,1929,1314,829,812,843,578,604,389,348,1767,496,464,252,453,300,823,347,484,320,250,289,193,156,134,101,206,201,489,286,256,462,344,550,71,1088,0,218,54,92,228,266,1054
1529,1523,2332,2233,2157,2232,2184,2141,2187,2207,2070,2123,2102,2159,1913,1434,2282,1951,2083,2084,1287,1283,1395,1454,976,977,1981,1756,2051,1704,1111,1177,1171,796,1592,1071,1043,1083,1691,997,1543,1738,977,1629,982,1513,2193,1178,1106,1186,1013,1399,858,1234,2147,1532,1047,1030,1061,796,822,607,566,1985,714,682,470,671,518,1041,565,702,538,468,507,411,374,352,319,202,419,707,504,474,680,562,768,289,1306,218,0,220,310,446,66,1272
1365,1359,2168,2069,1993,2068,2020,1977,2023,2043,1906,1959,1938,1995,1749,1270,2118,1787,1919,1920,1123,1119,1231,1290,872,865,1817,1592,1887,1540,1331,1013,1007,1016,1428,907,879,919,1527,833,1379,1574,813,1465,818,1349,2029,1014,942,1022,849,1235,694,1070,1983,1368,883,866,897,632,658,443,402,1821,550,518,306,507,354,877,401,538,374,304,343,247,210,188,155,208,255,543,340,310,516,398,604,125,1142,54,220,0,90,226,212,1052
1381,1381,2082,1983,1907,1982,1934,1891,1937,1957,1820,1873,1852,1909,1663,1184,2032,1701,1833,1834,1037,1033,1145,1204,962,955,1731,1506,1801,1454,1421,927,921,1106,1342,821,793,833,1441,747,1293,1488,727,1379,732,1263,1943,928,856,936,763,1149,608,984,1897,1282,797,780,811,546,572,357,316,1735,464,432,332,421,268,791,315,452,288,218,257,161,146,166,187,298,169,457,254,224,430,312,518,65,1056,92,310,90,0,136,298,962
