0,5,2,7,5,5,4,7,15,4,2,1,3,8,1,2,10,82,25,25,55,40,9,8,19,3,5,3,18,8,9,11,4,5,5,8,10,7,2,5,28,5,4,4,2,11,10,14,34,19,12,8,10,6,6,15,18,32,6,9,4,7,6,3,8,5,8,11,8,5,18,7,14,7,10,17,16,4,6,13,9,9,9,11,40,4,10,12,6,19,6,10,4,5,8,11,6,5
0,1,0,0,5,1,0,0,1,0,0,0,1,1,1,0,0,0,1,1,1,1,0,0,0,1,1,1,1,0,0,1,1,1,1,0,1,1,0,0,0,1,1,0,1,0,0,0,1,1,1,1,0,0,1,1,0,1,0,1,0,0,1,0,0,0,1,0,1,1,1,1,0,1,0,1,0,0,0,0,0,1,1,0,1,0,0,0,1,0,0,0,0,1,1,0,1,0
0,0,1,1,0,0,1,1,0,1,1,1,0,0,0,1,1,1,0,0,0,0,1,1,1,0,0,0,0,1,1,0,0,0,0,1,0,0,1,1,1,0,0,1,0,1,1,1,0,0,0,0,1,1,0,0,1,0,1,0,1,1,0,1,1,1,0,1,0,0,0,0,1,0,1,0,1,1,1,2,1,0,0,1,0,1,1,1,0,1,1,1,1,0,0,1,0,1
0,1,-1,-1,5,1,-1,-1,1,-1,-1,-1,1,1,1,-1,-1,-1,1,1,1,1,-1,-1,-1,1,1,1,1,-1,-1,1,1,1,1,-1,1,1,-1,-1,-1,1,1,-1,1,-1,-1,-1,1,1,1,1,-1,-1,1,1,-1,1,-1,1,-1,-1,1,-1,-1,-1,1,-1,1,1,1,1,-1,1,-1,1,-1,-1,-1,-2,-1,1,1,-1,1,-1,-1,-1,1,-1,-1,-1,-1,1,1,-1,1,-1
0,444,1059,1368,1278,1302,1310,1404,1281,1139,665,1358,1338,1317,1376,673,1551,1443,1169,714,712,552,1436,1223,1464,720,811,748,845,708,734,668,776,1385,1412,1272,1262,1320,1296,1385,790,696,1181,1408,2136,1548,1271,1391,1199,1167,1848,1567,1468,2512,1514,1259,1150,1109,2550,1059,1270,1122,1710,1684,1403,1239,1177,1380,1328,1356,1244,1235,1215,1210,1327,1577,1304,2871,2441,1601,1435,1407,1375,1641,1529,1775,2333,2918,2297,1523,1529,1413,2813,1557,1365,1517,1577,2343
444,0,1407,1716,1626,1650,1658,1752,1629,1487,1013,1706,1686,1665,1724,1021,1899,1791,1517,1062,1060,774,1784,1571,1812,1068,1159,1096,623,1056,1082,902,1124,1733,1760,1620,1610,1668,1644,1733,1138,1010,1529,1756,2484,1896,1619,1739,1547,1515,2196,1915,1816,2860,1862,1607,1498,1457,2898,1397,1618,1470,2058,1240,1751,1587,1525,1728,1676,1704,1592,1583,1563,1542,1431,1925,1652,3219,2789,1949,1783,1755,1723,1989,1877,2123,2681,3266,2645,1871,1419,1535,3161,1447,1639,1865,1485,2691
1059,1407,0,309,219,243,251,345,262,406,880,299,279,258,317,898,492,384,542,1045,1049,1355,377,576,405,1155,1082,1161,1648,1261,1289,1471,1249,664,641,789,839,789,813,734,1355,1499,1044,819,1077,823,1226,1120,1440,1474,811,1098,1285,1453,1271,1536,1725,1766,1491,1862,1661,1843,1291,2487,1630,1794,1864,1773,1825,1799,1921,1958,1980,2013,2130,1640,1913,1812,1382,1662,1828,1858,1910,1652,1770,1564,1274,1859,1238,1880,2332,2216,1754,2360,2168,1950,2380,1284
1368,1716,309,0,112,94,110,36,181,325,799,108,128,149,92,817,183,167,461,964,968,1274,270,495,282,1074,1001,1080,1567,1180,1208,1390,1168,583,560,708,758,708,732,653,1274,1418,963,738,768,742,1145,1039,1359,1393,730,1017,1204,1144,1190,1455,1644,1685,1182,1781,1580,1762,1210,2406,1549,1713,1783,1692,1744,1718,1840,1877,1899,1932,2049,1559,1832,1503,1073,1581,1747,1777,1829,1571,1689,1483,965,1550,1003,1799,2251,2135,1445,2279,2087,1869,2299,1093
1278,1626,219,112,0,24,32,126,69,213,687,80,60,39,98,705,273,165,349,852,856,1162,158,383,186,962,889,968,1455,1068,1096,1278,1056,471,448,596,646,596,620,541,1162,1306,851,626,858,630,1033,927,1247,1281,618,905,1092,1234,1078,1343,1532,1573,1272,1669,1468,1650,1098,2294,1437,1601,1671,1580,1632,1606,1728,1765,1787,1820,1937,1447,1720,1593,1163,1469,1635,1665,1717,1459,1577,1371,1055,1640,1019,1687,2139,2023,1535,2167,1975,1757,2187,1065
1302,1650,243,94,24,0,16,102,87,231,705,56,36,55,74,723,249,141,367,870,874,1180,176,401,188,980,907,986,1473,1086,1114,1296,1074,489,466,614,664,614,638,559,1180,1324,869,644,834,648,1051,945,1265,1299,636,923,1110,1210,1096,1361,1550,1591,1248,1687,1486,1668,1116,2312,1455,1619,1689,1598,1650,1624,1746,1783,1805,1838,1955,1465,1738,1569,1139,1487,1653,1683,1735,1477,1595,1389,1031,1616,995,1705,2157,2041,1511,2185,1993,1775,2205,1041
1310,1658,251,110,32,16,0,94,71,215,689,48,28,39,66,707,241,133,351,854,858,1164,160,385,172,964,891,970,1457,1070,1098,1280,1058,473,450,598,648,598,622,543,1164,1308,853,628,826,632,1035,929,1249,1283,620,907,1094,1202,1080,1345,1534,1575,1240,1671,1470,1652,1100,2296,1439,1603,1673,1582,1634,1608,1730,1767,1789,1822,1939,1449,1722,1561,1131,1471,1637,1667,1719,1461,1579,1373,1023,1608,987,1689,2141,2025,1503,2169,1977,1759,2189,1033
1404,1752,345,36,126,102,94,0,147,291,765,74,94,115,58,783,147,133,427,930,934,1240,236,461,248,1040,967,1046,1533,1146,1174,1356,1134,549,526,674,724,674,698,619,1240,1384,929,704,732,708,1111,1005,1325,1359,696,983,1170,1108,1156,1421,1610,1651,1146,1747,1546,1728,1176,2372,1515,1679,1749,1658,1710,1684,1806,1843,1865,1898,2015,1525,1798,1467,1037,1547,1713,1743,1795,1537,1655,1449,929,1514,969,1765,2217,2101,1409,2245,2053,1835,2265,1059
1281,1629,262,181,69,87,71,147,0,144,618,77,57,36,95,636,270,162,280,783,787,1093,155,314,183,893,820,899,1386,999,1027,1209,987,402,379,527,577,527,551,472,1093,1237,782,557,855,561,964,858,1178,1212,567,836,1023,1231,1009,1274,1463,1504,1269,1600,1399,1581,1029,2225,1368,1532,1602,1511,1563,1537,1659,1696,1718,1751,1868,1378,1651,1590,1160,1400,1566,1596,1648,1390,1508,1302,1052,1637,1016,1618,2070,1954,1532,2098,1906,1688,2118,1062
1139,1487,406,325,213,231,215,291,144,0,474,219,199,178,237,492,412,304,136,639,643,949,297,170,325,749,676,755,1242,855,883,1065,843,258,273,383,433,383,407,328,949,1093,638,413,997,417,820,714,1034,1068,709,692,879,1373,865,1130,1319,1360,1411,1456,1255,1437,885,2081,1224,1388,1458,1367,1419,1393,1515,1552,1574,1607,1724,1234,1507,1732,1302,1256,1422,1452,1504,1246,1364,1158,1194,1779,1158,1474,1926,1810,1674,1954,1762,1544,1974,1204
665,1013,880,799,687,705,689,765,618,474,0,693,673,652,711,18,886,778,504,165,169,475,771,558,799,275,202,281,768,381,409,591,369,720,747,607,597,655,631,720,475,619,516,743,1471,883,606,726,560,594,1183,902,803,1847,849,656,845,886,1885,982,781,963,1045,1607,750,914,984,893,945,919,1041,1078,1100,1133,1250,912,1033,2206,1776,936,948,978,1030,976,890,1110,1668,2253,1632,1000,1452,1336,2148,1480,1288,1070,1500,1678
1358,1706,299,108,80,56,48,74,77,219,693,0,20,41,18,709,193,85,353,856,860,1166,162,387,174,966,893,972,1459,1072,1100,1282,1060,475,452,600,650,600,624,545,1166,1310,855,630,778,634,1037,931,1251,1285,622,909,1096,1154,1082,1347,1536,1577,1192,1673,1472,1654,1102,2298,1441,1605,1675,1584,1636,1610,1732,1769,1791,1824,1941,1451,1724,1513,1083,1473,1639,1669,1721,1463,1581,1375,975,1560,939,1691,2143,2027,1455,2171,1979,1761,2191,985
1338,1686,279,128,60,36,28,94,57,199,673,20,0,21,38,689,213,105,333,836,840,1146,142,367,154,946,873,952,1439,1052,1080,1262,1040,455,432,580,630,580,604,525,1146,1290,835,610,798,614,1017,911,1231,1265,602,889,1076,1174,1062,1327,1516,1557,1212,1653,1452,1634,1082,2278,1421,1585,1655,1564,1616,1590,1712,1749,1771,1804,1921,1431,1704,1533,1103,1453,1619,1649,1701,1443,1561,1355,995,1580,959,1671,2123,2007,1475,2151,1959,1741,2171,1005
1317,1665,258,149,39,55,39,115,36,178,652,41,21,0,59,668,234,126,312,815,819,1125,121,346,147,925,852,931,1418,1031,1059,1241,1019,434,411,559,609,559,583,504,1125,1269,814,589,819,593,996,890,1210,1244,581,868,1055,1195,1041,1306,1495,1536,1233,1632,1431,1613,1061,2257,1400,1564,1634,1543,1595,1569,1691,1728,1750,1783,1900,1410,1683,1554,1124,1432,1598,1628,1680,1422,1540,1334,1016,1601,980,1650,2102,1986,1496,2130,1938,1720,2150,1026
1376,1724,317,92,98,74,66,58,95,237,711,18,38,59,0,725,175,75,369,872,876,1182,178,403,190,982,909,988,1475,1088,1116,1298,1076,491,468,616,666,616,640,561,1182,1326,871,646,760,650,1053,947,1267,1301,638,925,1112,1136,1098,1363,1552,1593,1174,1689,1488,1670,1118,2314,1457,1621,1691,1600,1652,1626,1748,1785,1807,1840,1957,1467,1740,1495,1065,1489,1655,1685,1737,1479,1597,1391,957,1542,921,1707,2159,2043,1437,2187,1995,1777,2207,1001
673,1021,898,817,705,723,707,783,636,492,18,709,689,668,725,0,878,770,496,147,151,457,763,550,791,257,184,263,750,363,391,573,351,712,739,599,589,647,623,712,457,601,508,735,1463,875,598,718,542,576,1175,894,795,1839,841,638,827,868,1877,964,763,945,1037,1589,732,896,966,875,927,901,1023,1060,1082,1115,1232,904,1015,2198,1768,928,930,960,1012,968,872,1102,1660,2245,1624,982,1434,1318,2140,1462,1270,1052,1482,1670
1551,1899,492,183,273,249,241,147,270,412,886,193,213,234,175,878,0,198,492,995,999,1305,301,526,313,1105,1032,1111,1598,1211,1239,1421,1199,614,591,739,789,739,763,684,1305,1449,994,769,585,773,1176,1070,1390,1424,761,1048,1235,961,1221,1486,1675,1716,999,1812,1611,1793,1241,2437,1580,1744,1814,1723,1775,1749,1871,1908,1930,1963,2080,1590,1863,1320,890,1612,1778,1808,1860,1602,1720,1514,976,1367,1034,1830,2282,2166,1262,2310,2118,1900,2330,1124
1443,1791,384,167,165,141,133,133,162,304,778,85,105,126,75,770,198,0,294,797,801,1107,103,328,115,907,834,913,1400,1013,1041,1223,1001,416,393,541,591,541,565,486,1107,1251,796,571,693,575,978,872,1192,1226,563,850,1037,1069,1023,1288,1477,1518,1107,1614,1413,1595,1043,2239,1382,1546,1616,1525,1577,1551,1673,1710,1732,1765,1882,1392,1665,1428,998,1414,1580,1610,1662,1404,1522,1316,890,1475,854,1632,2084,1968,1370,2112,1920,1702,2132,926
1169,1517,542,461,349,367,351,427,280,136,504,353,333,312,369,496,492,294,0,503,507,813,267,54,295,613,540,619,1106,719,747,929,707,216,243,247,297,247,271,216,813,957,502,277,967,379,684,578,898,932,679,556,743,1343,729,994,1183,1224,1381,1320,1119,1301,749,1945,1088,1252,1322,1231,1283,1257,1379,1416,1438,1471,1588,1098,1371,1702,1272,1120,1286,1316,1368,1110,1228,1022,1164,1749,1128,1338,1790,1674,1644,1818,1626,1408,1838,1174
714,1062,1045,964,852,870,854,930,783,639,165,856,836,815,872,147,995,797,503,0,4,310,722,509,750,110,97,116,603,216,244,426,204,671,698,558,548,606,582,671,310,454,467,694,1422,834,557,677,485,453,1134,853,754,1798,800,545,680,721,1836,817,616,798,996,1442,689,749,819,728,780,754,876,913,935,968,1085,863,868,2157,1727,887,783,813,865,927,815,1061,1619,2204,1583,835,1287,1171,2099,1315,1123,905,1335,1629
712,1060,1049,968,856,874,858,934,787,643,169,860,840,819,876,151,999,801,507,4,0,306,724,511,752,106,99,112,599,212,240,422,200,673,700,560,550,608,584,673,306,450,469,696,1424,836,559,679,487,455,1136,855,756,1800,802,547,676,717,1838,813,612,794,998,1438,691,745,815,724,776,750,872,909,931,964,1081,865,864,2159,1729,889,779,809,861,929,817,1063,1621,2206,1585,831,1283,1167,2101,1311,1119,901,1331,1631
552,774,1355,1274,1162,1180,1164,1240,1093,949,475,1166,1146,1125,1182,457,1305,1107,813,310,306,0,1010,797,1038,294,385,322,293,282,308,128,350,959,986,846,836,894,870,959,364,236,755,982,1710,1122,845,965,773,741,1422,1141,1042,2086,1088,833,724,683,2124,623,844,696,1284,1132,977,813,751,954,902,930,818,809,789,768,775,1151,878,2445,2015,1175,1009,981,949,1215,1103,1349,1907,2492,1871,1097,977,861,2387,1005,865,1091,1025,1917
1436,1784,377,270,158,176,160,236,155,297,771,162,142,121,178,763,301,103,267,722,724,1010,0,225,28,804,731,810,1297,910,938,1120,898,313,290,438,488,438,462,383,1004,1148,693,468,700,472,875,769,1089,1123,460,747,934,1076,920,1185,1374,1415,1114,1511,1310,1492,940,2136,1279,1443,1513,1422,1474,1448,1570,1607,1629,1662,1779,1289,1562,1435,1005,1311,1477,1507,1559,1301,1419,1213,897,1482,861,1529,1981,1865,1377,2009,1817,1599,2029,907
1223,1571,576,495,383,401,385,461,314,170,558,387,367,346,403,550,526,328,54,509,511,797,225,0,241,579,506,585,1072,685,713,895,673,162,189,213,263,213,237,162,779,923,468,243,913,325,650,544,864,898,625,522,709,1289,695,960,1149,1190,1327,1286,1085,1267,715,1911,1054,1218,1288,1197,1249,1223,1345,1382,1404,1437,1554,1064,1337,1648,1218,1086,1252,1282,1334,1076,1194,988,1110,1695,1074,1304,1756,1640,1590,1784,1592,1374,1804,1120
1464,1812,405,282,186,188,172,248,183,325,799,174,154,147,190,791,313,115,295,750,752,1038,28,241,0,792,719,798,1285,898,926,1108,886,301,278,426,476,426,450,371,992,1136,681,456,672,460,863,757,1077,1111,448,735,922,1048,908,1173,1362,1403,1086,1499,1298,1480,928,2124,1267,1431,1501,1410,1462,1436,1558,1595,1617,1650,1767,1277,1550,1407,977,1299,1465,1495,1547,1289,1407,1201,869,1454,833,1517,1969,1853,1349,1997,1805,1587,2017,879
720,1068,1155,1074,962,980,964,1040,893,749,275,966,946,925,982,257,1105,907,613,110,106,294,804,579,792,0,91,28,493,106,134,316,94,665,692,552,542,600,576,665,200,344,461,688,1416,828,551,671,479,447,1128,847,748,1792,794,539,570,611,1830,707,550,688,990,1332,683,639,709,660,670,644,766,803,825,858,975,857,758,2151,1721,881,715,703,755,921,809,1055,1613,2198,1577,803,1177,1061,2093,1205,1013,797,1225,1623
811,1159,1082,1001,889,907,891,967,820,676,202,893,873,852,909,184,1032,834,540,97,99,385,731,506,719,91,0,79,566,179,207,389,167,574,601,461,451,509,485,574,273,417,370,597,1325,737,460,580,388,392,1037,756,657,1701,703,454,643,684,1739,780,579,761,899,1405,592,712,782,691,743,717,839,876,898,931,1048,766,831,2060,1630,790,746,776,828,830,718,964,1522,2107,1486,798,1250,1134,2002,1278,1086,868,1298,1532
748,1096,1161,1080,968,986,970,1046,899,755,281,972,952,931,988,263,1111,913,619,116,112,322,810,585,798,28,79,0,487,100,128,310,88,637,664,524,514,572,548,637,194,338,433,660,1388,800,523,643,451,419,1100,819,720,1764,766,511,564,605,1802,701,522,682,962,1326,655,633,703,632,664,638,760,797,819,852,969,829,752,2123,1693,853,687,697,749,893,781,1027,1585,2170,1549,775,1171,1055,2065,1199,1007,789,1219,1595
845,623,1648,1567,1455,1473,1457,1533,1386,1242,768,1459,1439,1418,1475,750,1598,1400,1106,603,599,293,1297,1072,1285,493,566,487,0,433,459,279,501,1110,1137,997,987,1045,1021,1110,515,387,906,1133,1861,1273,996,1116,924,892,1573,1292,1193,2237,1239,984,875,834,2275,774,995,847,1435,839,1128,964,902,1105,1053,1081,969,960,940,919,808,1302,1029,2596,2166,1326,1160,1132,1100,1366,1254,1500,2058,2643,2022,1248,796,912,2538,824,1016,1242,862,2068
708,1056,1261,1180,1068,1086,1070,1146,999,855,381,1072,1052,1031,1088,363,1211,1013,719,216,212,282,910,685,898,106,179,100,433,0,28,210,68,677,704,564,554,612,588,677,94,238,473,700,1428,840,563,683,491,459,1140,859,760,1804,806,551,464,505,1842,601,562,582,1002,1226,695,533,603,672,620,648,660,697,719,752,869,869,652,2163,1733,893,727,699,667,933,821,1067,1625,2210,1589,815,1071,955,2105,1099,907,809,1119,1635
734,1082,1289,1208,1096,1114,1098,1174,1027,883,409,1100,1080,1059,1116,391,1239,1041,747,244,240,308,938,713,926,134,207,128,459,28,0,182,42,651,678,538,528,586,562,651,66,210,447,674,1402,814,537,657,465,433,1114,833,734,1778,780,525,436,477,1816,573,536,554,976,1198,669,505,575,646,594,622,632,669,691,724,841,843,624,2137,1707,867,701,673,641,907,795,1041,1599,2184,1563,789,1043,927,2079,1071,879,783,1091,1609
668,902,1471,1390,1278,1296,1280,1356,1209,1065,591,1282,1262,1241,1298,573,1421,1223,929,426,422,128,1120,895,1108,316,389,310,279,210,182,0,222,831,858,718,708,766,742,831,236,108,627,854,1582,994,717,837,645,613,1294,1013,914,1958,960,705,596,555,1996,495,716,568,1156,1016,849,685,623,826,774,802,690,681,661,640,659,1023,750,2317,1887,1047,881,853,821,1087,975,1221,1779,2364,1743,969,861,745,2259,889,737,963,909,1789
776,1124,1249,1168,1056,1074,1058,1134,987,843,369,1060,1040,1019,1076,351,1199,1001,707,204,200,350,898,673,886,94,167,88,501,68,42,222,0,609,636,496,486,544,520,609,106,250,405,632,1360,772,495,615,423,391,1072,791,692,1736,738,483,476,517,1774,613,494,594,934,1238,627,545,615,604,576,580,672,709,731,764,881,801,664,2095,1665,825,659,631,661,865,753,999,1557,2142,1521,747,1083,967,2037,1111,919,741,1131,1567
1385,1733,664,583,471,489,473,549,402,258,720,475,455,434,491,712,614,416,216,671,673,959,313,162,301,665,574,637,1110,677,651,831,609,0,27,125,175,125,149,70,691,835,380,155,751,163,562,456,776,810,463,434,621,1127,607,872,1061,1102,1165,1198,997,1179,627,1823,966,1130,1200,1109,1161,1135,1257,1294,1316,1349,1466,976,1249,1486,1056,998,1164,1194,1246,988,1106,900,948,1533,912,1216,1668,1552,1428,1696,1504,1286,1716,958
1412,1760,641,560,448,466,450,526,379,273,747,452,432,411,468,739,591,393,243,698,700,986,290,189,278,692,601,664,1137,704,678,858,636,27,0,148,198,148,172,93,714,858,403,178,724,182,585,479,799,833,436,457,644,1100,630,895,1084,1125,1138,1221,1020,1202,650,1846,989,1153,1223,1132,1184,1158,1280,1317,1339,1372,1489,999,1272,1459,1029,1021,1187,1217,1269,1011,1129,923,921,1506,885,1239,1691,1575,1401,1719,1527,1309,1739,931
1272,1620,789,708,596,614,598,674,527,383,607,600,580,559,616,599,739,541,247,558,560,846,438,213,426,552,461,524,997,564,538,718,496,125,148,0,50,48,24,113,566,710,255,136,864,276,437,331,651,685,576,309,496,1240,482,747,936,977,1278,1073,872,1054,502,1698,841,1005,1075,984,1036,1010,1132,1169,1191,1224,1341,851,1124,1599,1169,873,1039,1069,1121,863,981,775,1061,1646,1025,1091,1543,1427,1541,1571,1379,1161,1591,1071
1262,1610,839,758,646,664,648,724,577,433,597,650,630,609,666,589,789,591,297,548,550,836,488,263,476,542,451,514,987,554,528,708,486,175,198,50,0,58,34,123,516,660,205,146,874,286,387,281,601,635,586,305,446,1250,432,697,886,927,1288,1023,822,1004,452,1648,791,955,1025,934,986,960,1082,1119,1141,1174,1291,801,1074,1609,1179,823,989,1019,1071,813,931,725,1071,1656,1035,1041,1493,1377,1551,1521,1329,1111,1541,1081
1320,1668,789,708,596,614,598,674,527,383,655,600,580,559,616,647,739,541,247,606,608,894,438,213,426,600,509,572,1045,612,586,766,544,125,148,48,58,0,24,65,566,710,255,88,816,228,437,331,651,685,528,309,496,1192,482,747,936,977,1230,1073,872,1054,502,1698,841,1005,1075,984,1036,1010,1132,1169,1191,1224,1341,851,1124,1551,1121,873,1039,1069,1121,863,981,775,1013,1598,977,1091,1543,1427,1493,1571,1379,1161,1591,1023
1296,1644,813,732,620,638,622,698,551,407,631,624,604,583,640,623,763,565,271,582,584,870,462,237,450,576,485,548,1021,588,562,742,520,149,172,24,34,24,0,89,542,686,231,112,840,252,413,307,627,661,552,285,472,1216,458,723,912,953,1254,1049,848,1030,478,1674,817,981,1051,960,1012,986,1108,1145,1167,1200,1317,827,1100,1575,1145,849,1015,1045,1097,839,957,751,1037,1622,1001,1067,1519,1403,1517,1547,1355,1137,1567,1047
1385,1733,734,653,541,559,543,619,472,328,720,545,525,504,561,712,684,486,216,671,673,959,383,162,371,665,574,637,1110,677,651,831,609,70,93,113,123,65,89,0,621,765,310,85,751,163,492,386,706,740,463,364,551,1127,537,802,991,1032,1165,1128,927,1109,557,1753,896,1060,1130,1039,1091,1065,1187,1224,1246,1279,1396,906,1179,1486,1056,928,1094,1124,1176,918,1036,830,948,1533,912,1146,1598,1482,1428,1626,1434,1216,1646,958
790,1138,1355,1274,1162,1180,1164,1240,1093,949,475,1166,1146,1125,1182,457,1305,1107,813,310,306,364,1004,779,992,200,273,194,515,94,66,236,106,691,714,566,516,566,542,621,0,144,391,618,1346,758,481,601,409,377,1058,777,678,1722,724,469,370,411,1760,507,480,488,920,1132,613,449,509,590,538,566,566,603,625,658,775,787,558,2081,1651,811,645,617,585,851,739,985,1543,2128,1507,733,977,861,2023,1005,813,727,1025,1553
696,1010,1499,1418,1306,1324,1308,1384,1237,1093,619,1310,1290,1269,1326,601,1449,1251,957,454,450,236,1148,923,1136,344,417,338,387,238,210,108,250,835,858,710,660,710,686,765,144,0,519,746,1474,886,609,729,537,505,1186,905,806,1850,852,597,488,447,1888,387,608,460,1048,988,741,577,515,718,666,694,582,573,553,532,631,915,642,2209,1779,939,773,745,713,979,867,1113,1671,2256,1635,861,833,717,2151,861,669,855,881,1681
1181,1529,1044,963,851,869,853,929,782,638,516,855,835,814,871,508,994,796,502,467,469,755,693,468,681,461,370,433,906,473,447,627,405,380,403,255,205,255,231,310,391,519,0,227,955,367,182,210,396,430,667,386,287,1331,333,492,681,722,1369,818,617,799,529,1443,586,750,820,729,781,755,877,914,936,969,1086,596,869,1690,1260,618,784,814,866,608,726,594,1152,1737,1116,836,1288,1172,1632,1316,1124,906,1336,1162
1408,1756,819,738,626,644,628,704,557,413,743,630,610,589,646,735,769,571,277,694,696,982,468,243,456,688,597,660,1133,700,674,854,632,155,178,136,146,88,112,85,618,746,227,0,728,140,407,301,621,655,440,279,466,1104,452,717,906,947,1142,1043,842,1024,472,1668,811,975,1045,954,1006,980,1102,1139,1161,1194,1311,821,1094,1463,1033,843,1009,1039,1091,833,951,745,925,1510,889,1061,1513,1397,1405,1541,1349,1131,1561,935
2136,2484,1077,768,858,834,826,732,855,997,1471,778,798,819,760,1463,585,693,967,1422,1424,1710,700,913,672,1416,1325,1388,1861,1428,1402,1582,1360,751,724,864,874,816,840,751,1346,1474,955,728,0,684,1087,981,1301,1335,672,959,1146,376,1132,1397,1586,1627,414,1723,1522,1704,1152,2348,1491,1655,1725,1634,1686,1660,1782,1819,1841,1874,1991,1501,1774,735,665,1523,1689,1719,1771,1513,1631,1425,887,782,945,1741,2193,2077,677,2221,2029,1811,2241,1035
1548,1896,823,742,630,648,632,708,561,417,883,634,614,593,650,875,773,575,379,834,836,1122,472,325,460,828,737,800,1273,840,814,994,772,163,182,276,286,228,252,163,758,886,367,140,684,0,403,297,617,651,300,275,462,964,448,713,902,943,1002,1039,838,1020,468,1664,807,971,1041,950,1002,976,1098,1135,1157,1190,1307,817,1090,1323,893,839,1005,1035,1087,829,947,741,785,1370,749,1057,1509,1393,1265,1537,1345,1127,1557,795
1271,1619,1226,1145,1033,1051,1035,1111,964,820,606,1037,1017,996,1053,598,1176,978,684,557,559,845,875,650,863,551,460,523,996,563,537,717,495,562,585,437,387,437,413,492,481,609,182,407,1087,403,0,120,214,248,577,296,197,1241,243,310,499,540,1279,636,435,617,439,1261,404,568,638,547,599,573,695,732,754,787,904,414,687,1600,1170,436,602,632,684,426,544,504,1062,1647,1026,654,1106,990,1542,1134,942,724,1154,1072
1391,1739,1120,1039,927,945,929,1005,858,714,726,931,911,890,947,718,1070,872,578,677,679,965,769,544,757,671,580,643,1116,683,657,837,615,456,479,331,281,331,307,386,601,729,210,301,981,297,120,0,320,354,457,176,165,1121,151,416,605,646,1159,742,541,723,319,1367,510,674,744,653,705,679,801,838,860,893,1010,520,793,1480,1050,542,708,738,790,532,650,444,942,1527,906,760,1212,1096,1422,1240,1048,830,1260,952
1199,1547,1440,1359,1247,1265,1249,1325,1178,1034,560,1251,1231,1210,1267,542,1390,1192,898,485,487,773,1089,864,1077,479,388,451,924,491,465,645,423,776,799,651,601,651,627,706,409,537,396,621,1301,617,214,320,0,34,649,368,269,1313,315,96,285,326,1351,422,221,403,511,1047,204,354,424,333,385,359,481,518,540,573,690,378,473,1672,1242,402,388,418,470,442,330,576,1134,1719,1098,440,892,776,1614,920,728,510,940,1144
1167,1515,1474,1393,1281,1299,1283,1359,1212,1068,594,1285,1265,1244,1301,576,1424,1226,932,453,455,741,1123,898,1111,447,392,419,892,459,433,613,391,810,833,685,635,685,661,740,377,505,430,655,1335,651,248,354,34,0,681,400,301,1345,347,92,251,292,1383,388,187,369,543,1013,236,320,390,299,351,325,447,484,506,539,656,410,439,1704,1274,434,354,384,436,474,362,608,1166,1751,1130,406,858,742,1646,886,694,476,906,1176
1848,2196,811,730,618,636,620,696,567,709,1183,622,602,581,638,1175,761,563,679,1134,1136,1422,460,625,448,1128,1037,1100,1573,1140,1114,1294,1072,463,436,576,586,528,552,463,1058,1186,667,440,672,300,577,457,649,681,0,287,474,664,460,725,914,955,702,1051,850,1032,480,1676,819,983,1053,962,1014,988,1110,1147,1169,1202,1319,829,1102,1023,593,851,1017,1047,1099,841,959,753,485,1070,449,1069,1521,1405,965,1549,1357,1139,1569,495
1567,1915,1098,1017,905,923,907,983,836,692,902,909,889,868,925,894,1048,850,556,853,855,1141,747,522,735,847,756,819,1292,859,833,1013,791,434,457,309,305,309,285,364,777,905,386,279,959,275,296,176,368,400,287,0,187,945,173,438,627,668,983,764,563,745,193,1389,532,696,766,675,727,701,823,860,882,915,1032,542,815,1304,874,564,730,760,812,554,672,466,766,1351,730,782,1234,1118,1246,1262,1070,852,1282,776
1468,1816,1285,1204,1092,1110,1094,1170,1023,879,803,1096,1076,1055,1112,795,1235,1037,743,754,756,1042,934,709,922,748,657,720,1193,760,734,914,692,621,644,496,446,496,472,551,678,806,287,466,1146,462,197,165,269,301,474,187,0,1044,46,251,440,481,1082,577,376,558,242,1202,345,509,579,488,540,514,636,673,695,728,845,355,628,1403,973,377,543,573,625,367,485,307,865,1450,829,595,1047,931,1345,1075,883,665,1095,875
2512,2860,1453,1144,1234,1210,1202,1108,1231,1373,1847,1154,1174,1195,1136,1839,961,1069,1343,1798,1800,2086,1076,1289,1048,1792,1701,1764,2237,1804,1778,1958,1736,1127,1100,1240,1250,1192,1216,1127,1722,1850,1331,1104,376,964,1241,1121,1313,1345,664,945,1044,0,1006,1271,1460,1501,82,1597,1396,1578,1026,2222,1365,1529,1599,1508,1560,1534,1656,1693,1715,1748,1865,1375,1648,359,539,1397,1563,1593,1645,1387,1505,1299,761,406,819,1615,2067,1951,361,2095,1903,1685,2115,909
1514,1862,1271,1190,1078,1096,1080,1156,1009,865,849,1082,1062,1041,1098,841,1221,1023,729,800,802,1088,920,695,908,794,703,766,1239,806,780,960,738,607,630,482,432,482,458,537,724,852,333,452,1132,448,243,151,315,347,460,173,46,1006,0,265,454,495,1036,591,390,572,196,1216,359,523,593,502,554,528,650,687,709,742,859,369,642,1357,927,391,557,587,639,381,499,293,819,1404,783,609,1061,945,1299,1089,897,679,1109,829
1259,1607,1536,1455,1343,1361,1345,1421,1274,1130,656,1347,1327,1306,1363,638,1486,1288,994,545,547,833,1185,960,1173,539,454,511,984,551,525,705,483,872,895,747,697,747,723,802,469,597,492,717,1397,713,310,416,96,92,725,438,251,1271,265,0,189,230,1291,326,125,307,451,951,144,258,328,237,289,263,385,422,444,477,594,318,377,1612,1182,342,292,322,374,382,270,516,1074,1659,1038,344,796,680,1554,824,632,414,844,1084
1150,1498,1725,1644,1532,1550,1534,1610,1463,1319,845,1536,1516,1495,1552,827,1675,1477,1183,680,676,724,1374,1149,1362,570,643,564,875,464,436,596,476,1061,1084,936,886,936,912,991,370,488,681,906,1586,902,499,605,285,251,914,627,440,1460,454,189,0,41,1400,137,120,118,560,762,253,89,139,230,178,206,196,233,255,288,405,427,188,1721,1291,451,285,257,225,491,379,625,1183,1768,1147,373,607,491,1663,635,443,367,655,1193
1109,1457,1766,1685,1573,1591,1575,1651,1504,1360,886,1577,1557,1536,1593,868,1716,1518,1224,721,717,683,1415,1190,1403,611,684,605,834,505,477,555,517,1102,1125,977,927,977,953,1032,411,447,722,947,1627,943,540,646,326,292,955,668,481,1501,495,230,41,0,1441,96,161,77,601,721,294,130,98,271,219,247,155,192,214,247,364,468,195,1762,1332,492,326,298,266,532,420,666,1224,1809,1188,414,566,450,1704,594,402,408,614,1234
2550,2898,1491,1182,1272,1248,1240,1146,1269,1411,1885,1192,1212,1233,1174,1877,999,1107,1381,1836,1838,2124,1114,1327,1086,1830,1739,1802,2275,1842,1816,1996,1774,1165,1138,1278,1288,1230,1254,1165,1760,1888,1369,1142,414,1002,1279,1159,1351,1383,702,983,1082,82,1036,1291,1400,1441,0,1515,1314,1496,944,2140,1283,1447,1517,1426,1478,1452,1574,1611,1633,1666,1783,1293,1566,321,457,1315,1481,1511,1563,1305,1423,1217,679,368,737,1533,1985,1869,279,2013,1821,1603,2033,827
1059,1397,1862,1781,1669,1687,1671,1747,1600,1456,982,1673,1653,1632,1689,964,1812,1614,1320,817,813,623,1511,1286,1499,707,780,701,774,601,573,495,613,1198,1221,1073,1023,1073,1049,1128,507,387,818,1043,1723,1039,636,742,422,388,1051,764,577,1597,591,326,137,96,1515,0,221,73,661,625,354,190,128,331,279,307,195,186,166,151,268,528,255,1822,1392,552,386,358,326,592,480,726,1284,1869,1248,474,470,354,1764,498,306,468,518,1294
1270,1618,1661,1580,1468,1486,1470,1546,1399,1255,781,1472,1452,1431,1488,763,1611,1413,1119,616,612,844,1310,1085,1298,550,579,522,995,562,536,716,494,997,1020,872,822,872,848,927,480,608,617,842,1522,838,435,541,221,187,850,563,376,1396,390,125,120,161,1314,221,0,182,440,826,133,133,203,112,164,138,260,297,319,352,469,307,252,1601,1171,331,167,197,249,371,259,505,1063,1648,1027,253,671,555,1543,699,507,289,719,1073
1122,1470,1843,1762,1650,1668,1652,1728,1581,1437,963,1654,1634,1613,1670,945,1793,1595,1301,798,794,696,1492,1267,1480,688,761,682,847,582,554,568,594,1179,1202,1054,1004,1054,1030,1109,488,460,799,1024,1704,1020,617,723,403,369,1032,745,558,1578,572,307,118,77,1496,73,182,0,588,644,281,117,55,258,206,234,122,115,137,170,287,455,182,1749,1319,479,313,285,253,519,407,653,1211,1796,1175,401,489,373,1691,517,325,395,537,1221
1710,2058,1291,1210,1098,1116,1100,1176,1029,885,1045,1102,1082,1061,1118,1037,1241,1043,749,996,998,1284,940,715,928,990,899,962,1435,1002,976,1156,934,627,650,502,452,502,478,557,920,1048,529,472,1152,468,439,319,511,543,480,193,242,1026,196,451,560,601,944,661,440,588,0,1196,339,503,573,482,534,508,630,667,689,722,839,349,622,1161,731,371,537,567,619,361,479,273,623,1208,587,589,1041,925,1103,1069,877,659,1089,633
1684,1240,2487,2406,2294,2312,2296,2372,2225,2081,1607,2298,2278,2257,2314,1589,2437,2239,1945,1442,1438,1132,2136,1911,2124,1332,1405,1326,839,1226,1198,1016,1238,1823,1846,1698,1648,1698,1674,1753,1132,988,1443,1668,2348,1664,1261,1367,1047,1013,1676,1389,1202,2222,1216,951,762,721,2140,625,826,644,1196,0,863,699,637,840,788,816,704,695,675,654,543,1037,764,2331,1901,1061,895,867,835,1101,989,1235,1793,2378,1757,983,531,647,2273,559,751,977,597,1803
1403,1751,1630,1549,1437,1455,1439,1515,1368,1224,750,1441,1421,1400,1457,732,1580,1382,1088,689,691,977,1279,1054,1267,683,592,655,1128,695,669,849,627,966,989,841,791,841,817,896,613,741,586,811,1491,807,404,510,204,236,819,532,345,1365,359,144,253,294,1283,354,133,281,339,863,0,164,234,143,195,169,291,328,350,383,500,174,283,1468,1038,198,198,228,280,238,140,372,930,1515,894,250,702,586,1410,730,538,320,750,940
1239,1587,1794,1713,1601,1619,1603,1679,1532,1388,914,1605,1585,1564,1621,896,1744,1546,1252,749,745,813,1443,1218,1431,639,712,633,964,533,505,685,545,1130,1153,1005,955,1005,981,1060,449,577,750,975,1655,971,568,674,354,320,983,696,509,1529,523,258,89,130,1447,190,133,117,503,699,164,0,70,141,89,117,127,164,186,219,336,338,119,1632,1202,362,196,168,136,402,290,536,1094,1679,1058,284,538,422,1574,566,374,278,586,1104
1177,1525,1864,1783,1671,1689,1673,1749,1602,1458,984,1675,1655,1634,1691,966,1814,1616,1322,819,815,751,1513,1288,1501,709,782,703,902,603,575,623,615,1200,1223,1075,1025,1075,1051,1130,509,515,820,1045,1725,1041,638,744,424,390,1053,766,579,1599,593,328,139,98,1517,128,203,55,573,637,234,70,0,203,151,179,67,94,116,149,266,400,127,1694,1264,424,258,230,198,464,352,598,1156,1741,1120,346,468,352,1636,496,304,340,516,1166
1380,1728,1773,1692,1580,1598,1582,1658,1511,1367,893,1584,1564,1543,1600,875,1723,1525,1231,728,724,954,1422,1197,1410,660,691,632,1105,672,646,826,604,1109,1132,984,934,984,960,1039,590,718,729,954,1634,950,547,653,333,299,962,675,488,1508,502,237,230,271,1426,331,112,258,482,840,143,141,203,0,52,26,148,185,207,240,357,197,140,1491,1061,221,55,85,137,261,149,395,953,1538,917,143,559,443,1433,587,395,177,607,963
1328,1676,1825,1744,1632,1650,1634,1710,1563,1419,945,1636,1616,1595,1652,927,1775,1577,1283,780,776,902,1474,1249,1462,670,743,664,1053,620,594,774,576,1161,1184,1036,986,1036,1012,1091,538,666,781,1006,1686,1002,599,705,385,351,1014,727,540,1560,554,289,178,219,1478,279,164,206,534,788,195,89,151,52,0,28,96,133,155,188,305,249,88,1543,1113,273,107,79,85,313,201,447,1005,1590,969,195,507,391,1485,535,343,189,555,1015
1356,1704,1799,1718,1606,1624,1608,1684,1537,1393,919,1610,1590,1569,1626,901,1749,1551,1257,754,750,930,1448,1223,1436,644,717,638,1081,648,622,802,580,1135,1158,1010,960,1010,986,1065,566,694,755,980,1660,976,573,679,359,325,988,701,514,1534,528,263,206,247,1452,307,138,234,508,816,169,117,179,26,28,0,122,159,181,214,331,221,114,1515,1085,245,79,59,111,285,173,419,977,1562,941,167,533,417,1457,561,369,161,581,987
1244,1592,1921,1840,1728,1746,1730,1806,1659,1515,1041,1732,1712,1691,1748,1023,1871,1673,1379,876,872,818,1570,1345,1558,766,839,760,969,660,632,690,672,1257,1280,1132,1082,1132,1108,1187,566,582,877,1102,1782,1098,695,801,481,447,1110,823,636,1656,650,385,196,155,1574,195,260,122,630,704,291,127,67,148,96,122,0,37,59,92,209,333,60,1627,1197,357,191,163,131,397,285,531,1089,1674,1053,279,411,295,1569,439,247,273,459,1099
1235,1583,1958,1877,1765,1783,1767,1843,1696,1552,1078,1769,1749,1728,1785,1060,1908,1710,1416,913,909,809,1607,1382,1595,803,876,797,960,697,669,681,709,1294,1317,1169,1119,1169,1145,1224,603,573,914,1139,1819,1135,732,838,518,484,1147,860,673,1693,687,422,233,192,1611,186,297,115,667,695,328,164,94,185,133,159,37,0,22,55,172,342,69,1636,1206,366,200,172,140,406,294,540,1098,1683,1062,288,374,258,1578,402,210,282,422,1108
1215,1563,1980,1899,1787,1805,1789,1865,1718,1574,1100,1791,1771,1750,1807,1082,1930,1732,1438,935,931,789,1629,1404,1617,825,898,819,940,719,691,661,731,1316,1339,1191,1141,1191,1167,1246,625,553,936,1161,1841,1157,754,860,540,506,1169,882,695,1715,709,444,255,214,1633,166,319,137,689,675,350,186,116,207,155,181,59,22,0,33,150,362,89,1656,1226,386,220,192,160,426,314,560,1118,1703,1082,308,352,236,1598,380,188,302,400,1128
1210,1542,2013,1932,1820,1838,1822,1898,1751,1607,1133,1824,1804,1783,1840,1115,1963,1765,1471,968,964,768,1662,1437,1650,858,931,852,919,752,724,640,764,1349,1372,1224,1174,1224,1200,1279,658,532,969,1194,1874,1190,787,893,573,539,1202,915,728,1748,742,477,288,247,1666,151,352,170,722,654,383,219,149,240,188,214,92,55,33,0,117,383,110,1677,1247,407,241,213,181,447,335,581,1139,1724,1103,329,319,203,1619,347,155,323,367,1149
1327,1431,2130,2049,1937,1955,1939,2015,1868,1724,1250,1941,1921,1900,1957,1232,2080,1882,1588,1085,1081,775,1779,1554,1767,975,1048,969,808,869,841,659,881,1466,1489,1341,1291,1341,1317,1396,775,631,1086,1311,1991,1307,904,1010,690,656,1319,1032,845,1865,859,594,405,364,1783,268,469,287,839,543,500,336,266,357,305,331,209,172,150,117,0,494,221,1788,1358,518,352,324,292,558,446,692,1250,1835,1214,440,202,104,1730,230,208,434,250,1260
1577,1925,1640,1559,1447,1465,1449,1525,1378,1234,912,1451,1431,1410,1467,904,1590,1392,1098,863,865,1151,1289,1064,1277,857,766,829,1302,869,843,1023,801,976,999,851,801,851,827,906,787,915,596,821,1501,817,414,520,378,410,829,542,355,1375,369,318,427,468,1293,528,307,455,349,1037,174,338,400,197,249,221,333,342,362,383,494,0,273,1294,864,24,188,218,270,64,130,198,756,1341,720,240,692,576,1236,720,528,310,740,766
1304,1652,1913,1832,1720,1738,1722,1798,1651,1507,1033,1724,1704,1683,1740,1015,1863,1665,1371,868,864,878,1562,1337,1550,758,831,752,1029,652,624,750,664,1249,1272,1124,1074,1124,1100,1179,558,642,869,1094,1774,1090,687,793,473,439,1102,815,628,1648,642,377,188,195,1566,255,252,182,622,764,283,119,127,140,88,114,60,69,89,110,221,273,0,1567,1137,297,131,103,71,337,225,471,1029,1614,993,219,419,303,1509,447,255,213,467,1039
2871,3219,1812,1503,1593,1569,1561,1467,1590,1732,2206,1513,1533,1554,1495,2198,1320,1428,1702,2157,2159,2445,1435,1648,1407,2151,2060,2123,2596,2163,2137,2317,2095,1486,1459,1599,1609,1551,1575,1486,2081,2209,1690,1463,735,1323,1600,1480,1672,1704,1023,1304,1403,359,1357,1612,1721,1762,321,1822,1601,1749,1161,2331,1468,1632,1694,1491,1543,1515,1627,1636,1656,1677,1788,1294,1567,0,444,1302,1468,1498,1550,1292,1410,1204,666,103,724,1520,1972,1856,266,2000,1808,1590,2020,814
2441,2789,1382,1073,1163,1139,1131,1037,1160,1302,1776,1083,1103,1124,1065,1768,890,998,1272,1727,1729,2015,1005,1218,977,1721,1630,1693,2166,1733,1707,1887,1665,1056,1029,1169,1179,1121,1145,1056,1651,1779,1260,1033,665,893,1170,1050,1242,1274,593,874,973,539,927,1182,1291,1332,457,1392,1171,1319,731,1901,1038,1202,1264,1061,1113,1085,1197,1206,1226,1247,1358,864,1137,444,0,858,1024,1054,1106,848,966,760,222,477,280,1076,1528,1412,372,1556,1364,1146,1576,370
1601,1949,1662,1581,1469,1487,1471,1547,1400,1256,936,1473,1453,1432,1489,928,1612,1414,1120,887,889,1175,1311,1086,1299,881,790,853,1326,893,867,1047,825,998,1021,873,823,873,849,928,811,939,618,843,1523,839,436,542,402,434,851,564,377,1397,391,342,451,492,1315,552,331,479,371,1061,198,362,424,221,273,245,357,366,386,407,518,24,297,1302,858,0,166,196,248,40,108,174,732,1317,696,218,670,554,1212,698,506,288,718,742
1435,1783,1828,1747,1635,1653,1637,1713,1566,1422,948,1639,1619,1598,1655,930,1778,1580,1286,783,779,1009,1477,1252,1465,715,746,687,1160,727,701,881,659,1164,1187,1039,989,1039,1015,1094,645,773,784,1009,1689,1005,602,708,388,354,1017,730,543,1563,557,292,285,326,1481,386,167,313,537,895,198,196,258,55,107,79,191,200,220,241,352,188,131,1468,1024,166,0,30,82,206,94,340,898,1483,862,88,504,388,1378,532,340,122,552,908
1407,1755,1858,1777,1665,1683,1667,1743,1596,1452,978,1669,1649,1628,1685,960,1808,1610,1316,813,809,981,1507,1282,1495,703,776,697,1132,699,673,853,631,1194,1217,1069,1019,1069,1045,1124,617,745,814,1039,1719,1035,632,738,418,384,1047,760,573,1593,587,322,257,298,1511,358,197,285,567,867,228,168,230,85,79,59,163,172,192,213,324,218,103,1498,1054,196,30,0,52,234,122,368,926,1511,890,116,474,358,1406,502,310,110,522,936
1375,1723,1910,1829,1717,1735,1719,1795,1648,1504,1030,1721,1701,1680,1737,1012,1860,1662,1368,865,861,949,1559,1334,1547,755,828,749,1100,667,641,821,661,1246,1269,1121,1071,1121,1097,1176,585,713,866,1091,1771,1087,684,790,470,436,1099,812,625,1645,639,374,225,266,1563,326,249,253,619,835,280,136,198,137,85,111,131,140,160,181,292,270,71,1550,1106,248,82,52,0,266,154,400,958,1543,922,148,422,306,1438,450,258,142,470,968
1641,1989,1652,1571,1459,1477,1461,1537,1390,1246,976,1463,1443,1422,1479,968,1602,1404,1110,927,929,1215,1301,1076,1289,921,830,893,1366,933,907,1087,865,988,1011,863,813,863,839,918,851,979,608,833,1513,829,426,532,442,474,841,554,367,1387,381,382,491,532,1305,592,371,519,361,1101,238,402,464,261,313,285,397,406,426,447,558,64,337,1292,848,40,206,234,266,0,118,134,692,1277,656,228,680,564,1172,708,516,298,728,702
1529,1877,1770,1689,1577,1595,1579,1655,1508,1364,890,1581,1561,1540,1597,872,1720,1522,1228,815,817,1103,1419,1194,1407,809,718,781,1254,821,795,975,753,1106,1129,981,931,981,957,1036,739,867,726,951,1631,947,544,650,330,362,959,672,485,1505,499,270,379,420,1423,480,259,407,479,989,140,290,352,149,201,173,285,294,314,335,446,130,225,1410,966,108,94,122,154,118,0,246,804,1389,768,110,562,446,1284,590,398,180,610,814
1775,2123,1564,1483,1371,1389,1373,1449,1302,1158,1110,1375,1355,1334,1391,1102,1514,1316,1022,1061,1063,1349,1213,988,1201,1055,964,1027,1500,1067,1041,1221,999,900,923,775,725,775,751,830,985,1113,594,745,1425,741,504,444,576,608,753,466,307,1299,293,516,625,666,1217,726,505,653,273,1235,372,536,598,395,447,419,531,540,560,581,692,198,471,1204,760,174,340,368,400,134,246,0,558,1143,522,316,768,652,1038,796,604,386,816,568
2333,2681,1274,965,1055,1031,1023,929,1052,1194,1668,975,995,1016,957,1660,976,890,1164,1619,1621,1907,897,1110,869,1613,1522,1585,2058,1625,1599,1779,1557,948,921,1061,1071,1013,1037,948,1543,1671,1152,925,887,785,1062,942,1134,1166,485,766,865,761,819,1074,1183,1224,679,1284,1063,1211,623,1793,930,1094,1156,953,1005,977,1089,1098,1118,1139,1250,756,1029,666,222,732,898,926,958,692,804,558,0,585,58,854,1306,1190,480,1334,1142,924,1354,148
2918,3266,1859,1550,1640,1616,1608,1514,1637,1779,2253,1560,1580,1601,1542,2245,1367,1475,1749,2204,2206,2492,1482,1695,1454,2198,2107,2170,2643,2210,2184,2364,2142,1533,1506,1646,1656,1598,1622,1533,2128,2256,1737,1510,782,1370,1647,1527,1719,1751,1070,1351,1450,406,1404,1659,1768,1809,368,1869,1648,1796,1208,2378,1515,1679,1741,1538,1590,1562,1674,1683,1703,1724,1835,1341,1614,103,477,1317,1483,1511,1543,1277,1389,1143,585,0,621,1417,1869,1753,163,1897,1705,1487,1917,711
2297,2645,1238,1003,1019,995,987,969,1016,1158,1632,939,959,980,921,1624,1034,854,1128,1583,1585,1871,861,1074,833,1577,1486,1549,2022,1589,1563,1743,1521,912,885,1025,1035,977,1001,912,1507,1635,1116,889,945,749,1026,906,1098,1130,449,730,829,819,783,1038,1147,1188,737,1248,1027,1175,587,1757,894,1058,1120,917,969,941,1053,1062,1082,1103,1214,720,993,724,280,696,862,890,922,656,768,522,58,621,0,796,1248,1132,516,1276,1084,866,1296,90
1523,1871,1880,1799,1687,1705,1689,1765,1618,1474,1000,1691,1671,1650,1707,982,1830,1632,1338,835,831,1097,1529,1304,1517,803,798,775,1248,815,789,969,747,1216,1239,1091,1041,1091,1067,1146,733,861,836,1061,1741,1057,654,760,440,406,1069,782,595,1615,609,344,373,414,1533,474,253,401,589,983,250,284,346,143,195,167,279,288,308,329,440,240,219,1520,1076,218,88,116,148,228,110,316,854,1417,796,0,452,336,1290,480,288,70,500,820
