0,10,2,12,7,6,5,4,8,7,6,6,18,15,4,2,6,3,8,1,10,15,25,25,55,28,14,9,22,19,10,3,3,66,18,10,8,11,4,5,8,9,16,2,5,28,5,2,4,4,3,11,11,10,14,33,6,34,19,8,8,10,6,15,8,4,32,6,7,9,4,7,4,8,5,8,11,8,5,7,14,7,10,16,4,10,6,9,11,40,11,19,5,6,4,5,8,11,6,5
0,3,1,0,0,0,0,0,0,0,1,1,0,1,0,0,0,0,0,0,0,0,12,0,0,0,1,1,21,0,0,0,0,0,0,0,1,1,0,1,0,1,0,2,1,0,1,0,1,0,0,1,0,0,0,0,6,1,0,0,0,0,0,10,0,0,1,0,0,0,1,1,1,8,1,0,0,0,5,0,0,0,0,0,0,0,0,0,1,9,0,1,0,0,1,1,0,0,0,0
0,0,0,1,1,1,1,1,1,1,0,0,1,0,1,1,1,1,1,1,2,1,0,1,16,1,0,0,0,1,1,1,1,1,13,1,0,0,1,0,1,0,1,0,0,1,0,1,0,1,1,0,1,1,1,1,0,0,1,1,1,7,1,0,1,1,0,1,1,1,0,0,0,0,0,1,1,1,0,1,1,1,1,1,1,1,1,1,0,0,1,0,1,1,0,0,1,1,1,1
0,3,1,-1,-1,-1,-1,-1,-1,-1,1,1,-1,1,-1,-1,-1,-1,-1,-1,-2,-1,12,-1,-16,-1,1,1,21,-1,-1,-1,-1,-1,-13,-1,1,1,-1,1,-1,1,-1,2,1,-1,1,-1,1,-1,-1,1,-1,-1,-1,-1,6,1,-1,-1,-1,-7,-1,10,-1,-1,1,-1,-1,-1,1,1,1,8,1,-1,-1,-1,5,-1,-1,-1,-1,-1,-1,-1,-1,-1,1,9,-1,1,-1,-1,1,1,-1,-1,-1,-1
0,6,1059,856,1368,1350,1278,1387,1351,1330,1394,1418,477,1281,1139,665,1315,1338,1317,1376,1551,1436,1169,714,712,824,885,1436,1498,1464,1219,720,748,642,845,1195,708,668,776,1385,1272,770,1515,1296,1385,790,696,835,1181,1408,888,1201,1548,1271,1391,1365,1194,1199,1167,1567,1933,1468,2512,1259,1291,1306,1109,1073,1289,1059,1270,1122,1264,1403,1239,1177,1380,1328,1356,1235,1215,1210,1327,1304,2871,1510,2441,1435,1641,1529,1316,1523,1496,1529,2813,1557,1365,1517,1577,2343
6,0,1059,856,1368,1350,1278,1387,1351,1330,1394,1418,477,1281,1139,665,1315,1338,1317,1376,1551,1436,1169,714,712,824,885,1436,1498,1464,1219,720,748,636,839,1195,708,662,776,1385,1272,770,1515,1296,1385,790,690,835,1181,1408,882,1201,1548,1271,1391,1365,1194,1199,1167,1567,1933,1468,2512,1259,1291,1306,1109,1073,1289,1053,1270,1122,1264,1403,1239,1177,1380,1328,1356,1235,1215,1204,1321,1304,2871,1510,2441,1435,1641,1529,1316,1523,1496,1523,2813,1551,1359,1517,1571,2343
1059,1059,0,295,309,291,219,328,292,271,335,359,1066,262,406,880,256,279,258,317,492,377,542,1045,1049,937,878,377,439,405,628,1155,1161,1445,1648,740,1261,1471,1249,664,789,1335,594,813,734,1355,1499,1350,1044,819,1691,1154,823,1226,1120,1146,1319,1440,1474,1098,874,1285,1453,1536,1510,1497,1766,1832,1618,1862,1661,1843,1767,1630,1794,1864,1773,1825,1799,1958,1980,2013,2130,1913,1812,1725,1382,1828,1652,1770,2043,1880,1907,2332,1754,2360,2168,1950,2380,1284
856,856,295,0,512,494,422,531,495,474,538,562,771,425,283,585,459,482,461,520,695,580,313,750,754,642,583,580,642,608,363,860,866,1150,1353,445,966,1176,954,529,494,1040,659,518,529,1060,1204,1055,749,552,1396,859,692,931,825,851,1024,1145,1179,803,1077,990,1656,1241,1215,1202,1471,1537,1323,1567,1366,1548,1472,1335,1499,1569,1478,1530,1504,1663,1685,1718,1835,1618,2015,1430,1585,1533,1357,1475,1748,1585,1612,2037,1957,2065,1873,1655,2085,1487
1368,1368,309,512,0,18,112,19,67,122,64,50,985,181,325,799,149,128,149,92,183,168,461,964,968,856,797,270,218,282,547,1074,1080,1364,1567,659,1180,1390,1168,583,708,1254,513,732,653,1274,1418,1269,963,738,1610,1073,742,1145,1039,1065,1238,1359,1393,1017,719,1204,1144,1455,1429,1416,1685,1751,1537,1781,1580,1762,1686,1549,1713,1783,1692,1744,1718,1877,1899,1932,2049,1832,1503,1644,1073,1747,1571,1689,1962,1799,1826,2251,1445,2279,2087,1869,2299,1093
1350,1350,291,494,18,0,94,37,49,104,46,68,967,163,307,781,131,110,131,74,201,150,443,946,950,838,779,252,200,264,529,1056,1062,1346,1549,641,1162,1372,1150,565,690,1236,495,714,635,1256,1400,1251,945,720,1592,1055,724,1127,1021,1047,1220,1341,1375,999,701,1186,1162,1437,1411,1398,1667,1733,1519,1763,1562,1744,1668,1531,1695,1765,1674,1726,1700,1859,1881,1914,2031,1814,1521,1626,1091,1729,1553,1671,1944,1781,1808,2233,1463,2261,2069,1851,2281,1075
1278,1278,219,422,112,94,0,109,73,52,116,140,873,69,213,687,37,60,39,98,273,158,349,852,856,744,685,158,220,186,435,962,968,1252,1455,547,1068,1278,1056,471,596,1142,401,620,541,1162,1306,1157,851,626,1498,961,630,1033,927,953,1126,1247,1281,905,655,1092,1234,1343,1317,1304,1573,1639,1425,1669,1468,1650,1574,1437,1601,1671,1580,1632,1606,1765,1787,1820,1937,1720,1593,1532,1163,1635,1459,1577,1850,1687,1714,2139,1535,2167,1975,1757,2187,1065
1387,1387,328,531,19,37,109,0,48,103,45,31,966,162,306,780,130,109,130,73,164,149,442,945,949,837,778,251,199,263,528,1055,1061,1345,1548,640,1161,1371,1149,564,689,1235,494,713,634,1255,1399,1250,944,719,1591,1054,723,1126,1020,1046,1219,1340,1374,998,700,1185,1125,1436,1410,1397,1666,1732,1518,1762,1561,1743,1667,1530,1694,1764,1673,1725,1699,1858,1880,1913,2030,1813,1484,1625,1054,1728,1552,1670,1943,1780,1807,2232,1426,2260,2068,1850,2280,1074
1351,1351,292,495,67,49,73,48,0,55,43,67,918,114,258,732,82,61,82,25,200,101,394,897,901,789,730,203,151,215,480,1007,1013,1297,1500,592,1113,1323,1101,516,641,1187,446,665,586,1207,1351,1202,896,671,1543,1006,675,1078,972,998,1171,1292,1326,950,652,1137,1161,1388,1362,1349,1618,1684,1470,1714,1513,1695,1619,1482,1646,1716,1625,1677,1651,1810,1832,1865,1982,1765,1520,1577,1090,1680,1504,1622,1895,1732,1759,2184,1462,2212,2020,1802,2232,1026
1330,1330,271,474,122,104,52,103,55,0,64,88,863,59,203,677,27,8,27,46,221,106,339,842,846,734,675,148,168,160,425,952,958,1242,1445,537,1058,1268,1046,461,586,1132,391,610,531,1152,1296,1147,841,616,1488,951,620,1023,917,943,1116,1237,1271,895,603,1082,1182,1333,1307,1294,1563,1629,1415,1659,1458,1640,1564,1427,1591,1661,1570,1622,1596,1755,1777,1810,1927,1710,1541,1522,1111,1625,1449,1567,1840,1677,1704,2129,1483,2157,1965,1747,2177,1013
1394,1394,335,538,64,46,116,45,43,64,0,24,921,117,261,735,85,64,85,28,157,104,397,900,904,792,733,206,154,218,483,1010,1016,1300,1503,595,1116,1326,1104,519,644,1190,449,668,589,1210,1354,1205,899,674,1546,1009,678,1081,975,1001,1174,1295,1329,953,655,1140,1118,1391,1365,1352,1621,1687,1473,1717,1516,1698,1622,1485,1649,1719,1628,1680,1654,1813,1835,1868,1985,1768,1477,1580,1047,1683,1507,1625,1898,1735,1762,2187,1419,2215,2023,1805,2235,1029
1418,1418,359,562,50,68,140,31,67,88,24,0,941,137,281,755,105,84,105,48,133,124,417,920,924,812,753,226,174,238,503,1030,1036,1320,1523,615,1136,1346,1124,539,664,1210,469,688,609,1230,1374,1225,919,694,1566,1029,698,1101,995,1021,1194,1315,1349,973,675,1160,1094,1411,1385,1372,1641,1707,1493,1737,1536,1718,1642,1505,1669,1739,1648,1700,1674,1833,1855,1888,2005,1788,1453,1600,1023,1703,1527,1645,1918,1755,1782,2207,1395,2235,2043,1825,2255,1049
477,477,1066,771,985,967,873,966,918,863,921,941,0,804,662,188,838,861,840,899,1074,959,692,237,235,347,408,959,1021,987,742,243,271,379,582,718,231,405,299,908,795,293,1038,819,908,313,433,358,704,931,625,724,1071,794,914,888,717,722,690,1090,1456,991,2035,782,814,829,700,766,812,796,793,777,787,926,762,798,903,851,879,892,914,947,1064,847,2394,1033,1964,958,1164,1052,977,1046,1019,1266,2336,1294,1102,1040,1314,1866
1281,1281,262,425,181,163,69,162,114,59,117,137,804,0,144,618,34,57,36,95,270,155,280,783,787,675,616,155,217,183,366,893,899,1183,1386,478,999,1209,987,402,527,1073,332,551,472,1093,1237,1088,782,557,1429,892,561,964,858,884,1057,1178,1212,836,652,1023,1231,1274,1248,1235,1504,1570,1356,1600,1399,1581,1505,1368,1532,1602,1511,1563,1537,1696,1718,1751,1868,1651,1590,1463,1160,1566,1390,1508,1781,1618,1645,2070,1532,2098,1906,1688,2118,1062
1139,1139,406,283,325,307,213,306,258,203,261,281,662,144,0,474,176,199,178,237,412,297,136,639,643,531,472,297,359,325,222,749,755,1039,1242,334,855,1065,843,258,383,929,376,407,328,949,1093,944,638,413,1285,748,417,820,714,740,913,1034,1068,692,794,879,1373,1130,1104,1091,1360,1426,1212,1456,1255,1437,1361,1224,1388,1458,1367,1419,1393,1552,1574,1607,1724,1507,1732,1319,1302,1422,1246,1364,1637,1474,1501,1926,1674,1954,1762,1544,1974,1204
665,665,880,585,799,781,687,780,732,677,735,755,188,618,474,0,650,673,652,711,886,771,504,165,169,159,220,771,833,799,554,275,281,565,768,530,381,591,369,720,607,455,850,631,720,475,619,470,516,743,811,536,883,606,726,700,529,560,594,902,1268,803,1847,656,630,641,886,952,738,982,781,963,887,750,914,984,893,945,919,1078,1100,1133,1250,1033,2206,845,1776,948,976,890,1163,1000,1027,1452,2148,1480,1288,1070,1500,1678
1315,1315,256,459,149,131,37,130,82,27,85,105,838,34,176,650,0,23,2,61,236,121,312,815,819,707,648,121,183,149,398,925,931,1215,1418,510,1031,1241,1019,434,559,1105,364,583,504,1125,1269,1120,814,589,1461,924,593,996,890,916,1089,1210,1244,868,618,1055,1197,1306,1280,1267,1536,1602,1388,1632,1431,1613,1537,1400,1564,1634,1543,1595,1569,1728,1750,1783,1900,1683,1556,1495,1126,1598,1422,1540,1813,1650,1677,2102,1498,2130,1938,1720,2150,1028
1338,1338,279,482,128,110,60,109,61,8,64,84,861,57,199,673,23,0,21,38,213,98,333,836,840,728,669,142,160,154,419,946,952,1236,1439,531,1052,1262,1040,455,580,1126,385,604,525,1146,1290,1141,835,610,1482,945,614,1017,911,937,1110,1231,1265,889,595,1076,1174,1327,1301,1288,1557,1623,1409,1653,1452,1634,1558,1421,1585,1655,1564,1616,1590,1749,1771,1804,1921,1704,1533,1516,1103,1619,1443,1561,1834,1671,1698,2123,1475,2151,1959,1741,2171,1005
1317,1317,258,461,149,131,39,130,82,27,85,105,840,36,178,652,2,21,0,59,234,119,312,815,819,707,648,121,181,147,398,925,931,1215,1418,510,1031,1241,1019,434,559,1105,364,583,504,1125,1269,1120,814,589,1461,924,593,996,890,916,1089,1210,1244,868,616,1055,1195,1306,1280,1267,1536,1602,1388,1632,1431,1613,1537,1400,1564,1634,1543,1595,1569,1728,1750,1783,1900,1683,1554,1495,1124,1598,1422,1540,1813,1650,1677,2102,1496,2130,1938,1720,2150,1026
1376,1376,317,520,92,74,98,73,25,46,28,48,899,95,237,711,61,38,59,0,175,76,369,872,876,764,705,178,126,190,455,982,988,1272,1475,567,1088,1298,1076,491,616,1162,421,640,561,1182,1326,1177,871,646,1518,981,650,1053,947,973,1146,1267,1301,925,627,1112,1136,1363,1337,1324,1593,1659,1445,1689,1488,1670,1594,1457,1621,1691,1600,1652,1626,1785,1807,1840,1957,1740,1495,1552,1065,1655,1479,1597,1870,1707,1734,2159,1437,2187,1995,1777,2207,1001
1551,1551,492,695,183,201,273,164,200,221,157,133,1074,270,412,886,236,213,234,175,0,199,492,995,999,887,828,301,249,313,578,1105,1111,1395,1598,690,1211,1421,1199,614,739,1285,544,763,684,1305,1449,1300,994,769,1641,1104,773,1176,1070,1096,1269,1390,1424,1048,750,1235,961,1486,1460,1447,1716,1782,1568,1812,1611,1793,1717,1580,1744,1814,1723,1775,1749,1908,1930,1963,2080,1863,1320,1675,890,1778,1602,1720,1993,1830,1857,2282,1262,2310,2118,1900,2330,1124
1436,1436,377,580,168,150,158,149,101,106,104,124,959,155,297,771,121,98,119,76,199,0,293,796,800,688,629,102,62,114,379,906,912,1196,1399,491,1012,1222,1000,415,540,1086,345,564,485,1106,1250,1101,795,570,1442,905,574,977,871,897,1070,1191,1225,849,551,1036,1076,1287,1261,1248,1517,1583,1369,1613,1412,1594,1518,1381,1545,1615,1524,1576,1550,1709,1731,1764,1881,1664,1435,1476,1005,1579,1403,1521,1794,1631,1658,2083,1377,2111,1919,1701,2131,925
1169,1169,542,313,461,443,349,442,394,339,397,417,692,280,136,504,312,333,312,369,492,293,0,503,507,395,336,267,329,295,86,613,619,903,1106,198,719,929,707,216,247,793,346,271,216,813,957,808,502,277,1149,612,379,684,578,604,777,898,932,556,764,743,1343,994,968,955,1224,1290,1076,1320,1119,1301,1225,1088,1252,1322,1231,1283,1257,1416,1438,1471,1588,1371,1702,1183,1272,1286,1110,1228,1501,1338,1365,1790,1644,1818,1626,1408,1838,1174
714,714,1045,750,964,946,852,945,897,842,900,920,237,783,639,165,815,836,815,872,995,796,503,0,4,110,171,722,784,750,505,110,116,400,603,481,216,426,204,671,558,290,801,582,671,310,454,305,467,694,646,487,834,557,677,651,480,485,453,853,1219,754,1798,545,577,592,721,787,575,817,616,798,722,689,749,819,728,780,754,913,935,968,1085,868,2157,796,1727,783,927,815,998,835,862,1287,2099,1315,1123,905,1335,1629
712,712,1049,754,968,950,856,949,901,846,904,924,235,787,643,169,819,840,819,876,999,800,507,4,0,112,173,724,786,752,507,106,112,396,599,483,212,422,200,673,560,286,803,584,673,306,450,301,469,696,642,489,836,559,679,653,482,487,455,855,1221,756,1800,547,579,594,717,783,577,813,612,794,718,691,745,815,724,776,750,909,931,964,1081,864,2159,798,1729,779,929,817,994,831,858,1283,2101,1311,1119,901,1331,1631
824,824,937,642,856,838,744,837,789,734,792,812,347,675,531,159,707,728,707,764,887,688,395,110,112,0,61,612,674,640,395,218,224,508,711,371,324,534,312,561,448,398,691,472,561,418,562,413,357,584,754,377,724,447,567,541,382,503,537,743,1109,644,1688,599,573,560,829,895,681,925,724,906,830,693,857,927,836,888,862,1021,1043,1076,1193,976,2047,788,1617,891,817,833,1106,943,970,1395,1989,1423,1231,1013,1443,1519
885,885,878,583,797,779,685,778,730,675,733,753,408,616,472,220,648,669,648,705,828,629,336,171,173,61,0,551,613,579,334,277,283,567,770,310,383,593,371,500,387,457,630,411,500,477,621,472,296,523,813,316,663,386,506,480,441,562,596,682,1048,583,1627,658,632,619,888,954,740,984,783,965,889,752,916,986,895,947,921,1080,1102,1135,1252,1035,1986,847,1556,950,774,892,1165,1002,1029,1454,1928,1482,1290,1072,1502,1458
1436,1436,377,580,270,252,158,251,203,148,206,226,959,155,297,771,121,142,121,178,301,102,267,722,724,612,551,0,62,28,277,804,810,1094,1297,389,910,1120,898,313,438,984,243,462,383,1004,1148,999,693,468,1340,803,472,875,769,795,968,1089,1123,747,497,934,1076,1185,1159,1146,1415,1481,1267,1511,1310,1492,1416,1279,1443,1513,1422,1474,1448,1607,1629,1662,1779,1562,1435,1374,1005,1477,1301,1419,1692,1529,1556,1981,1377,2009,1817,1599,2029,907
1498,1498,439,642,218,200,220,199,151,168,154,174,1021,217,359,833,183,160,181,126,249,62,329,784,786,674,613,62,0,64,329,856,862,1146,1349,441,962,1172,950,365,490,1036,295,514,435,1056,1200,1051,745,520,1392,855,524,927,821,847,1020,1141,1175,799,501,986,1014,1237,1211,1198,1467,1533,1319,1563,1362,1544,1468,1331,1495,1565,1474,1526,1500,1659,1681,1714,1831,1614,1373,1426,943,1529,1353,1471,1744,1581,1608,2033,1315,2061,1869,1651,2081,875
1464,1464,405,608,282,264,186,263,215,160,218,238,987,183,325,799,149,154,147,190,313,114,295,750,752,640,579,28,64,0,265,792,798,1082,1285,377,898,1108,886,301,426,972,231,450,371,992,1136,987,681,456,1328,791,460,863,757,783,956,1077,1111,735,469,922,1048,1173,1147,1134,1403,1469,1255,1499,1298,1480,1404,1267,1431,1501,1410,1462,1436,1595,1617,1650,1767,1550,1407,1362,977,1465,1289,1407,1680,1517,1544,1969,1349,1997,1805,1587,2017,879
1219,1219,628,363,547,529,435,528,480,425,483,503,742,366,222,554,398,419,398,455,578,379,86,505,507,395,334,277,329,265,0,527,533,817,1020,112,633,843,621,166,161,707,296,185,166,727,871,722,416,191,1063,526,329,598,492,518,691,812,846,470,714,657,1293,908,882,869,1138,1204,990,1234,1033,1215,1139,1002,1166,1236,1145,1197,1171,1330,1352,1385,1502,1285,1652,1097,1222,1200,1024,1142,1415,1252,1279,1704,1594,1732,1540,1322,1752,1124
720,720,1155,860,1074,1056,962,1055,1007,952,1010,1030,243,893,749,275,925,946,925,982,1105,906,613,110,106,218,277,804,856,792,527,0,28,290,493,475,106,316,94,665,552,180,795,576,665,200,344,195,461,688,536,481,828,551,671,645,474,479,447,847,1213,748,1792,539,571,586,611,677,569,707,550,688,612,683,639,709,660,670,644,803,825,858,975,758,2151,790,1721,715,921,809,888,803,776,1177,2093,1205,1013,797,1225,1623
748,748,1161,866,1080,1062,968,1061,1013,958,1016,1036,271,899,755,281,931,952,931,988,1111,912,619,116,112,224,283,810,862,798,533,28,0,284,487,447,100,310,88,637,524,174,767,548,637,194,338,189,433,660,530,453,800,523,643,617,446,451,419,819,1185,720,1764,511,543,558,605,671,541,701,522,682,606,655,633,703,632,664,638,797,819,852,969,752,2123,762,1693,687,893,781,882,775,748,1171,2065,1199,1007,789,1219,1595
642,636,1445,1150,1364,1346,1252,1345,1297,1242,1300,1320,379,1183,1039,565,1215,1236,1215,1272,1395,1196,903,400,396,508,567,1094,1146,1082,817,290,284,0,203,717,230,76,298,907,794,292,1037,818,907,312,184,357,703,930,246,723,1070,793,913,887,716,721,689,1089,1455,990,2034,781,813,828,631,595,811,571,792,644,786,925,761,699,902,850,878,757,737,716,685,826,2393,1032,1963,957,1163,1051,838,1045,1018,887,2335,915,813,1039,935,1865
845,839,1648,1353,1567,1549,1455,1548,1500,1445,1503,1523,582,1386,1242,768,1418,1439,1418,1475,1598,1399,1106,603,599,711,770,1297,1349,1285,1020,493,487,203,0,920,433,279,501,1110,997,495,1240,1021,1110,515,387,560,906,1133,365,926,1273,996,1116,1090,919,924,892,1292,1658,1193,2237,984,1016,1031,834,798,1014,774,995,847,989,1128,964,902,1105,1053,1081,960,940,919,808,1029,2596,1235,2166,1160,1366,1254,1041,1248,1221,796,2538,824,1016,1242,862,2068
1195,1195,740,445,659,641,547,640,592,537,595,615,718,478,334,530,510,531,510,567,690,491,198,481,483,371,310,389,441,377,112,475,447,717,920,0,521,731,509,190,77,595,320,101,190,615,759,610,304,213,951,414,353,486,380,406,579,700,734,372,738,545,1317,796,770,757,1026,1092,878,1122,921,1103,1027,890,1054,1124,1033,1085,1059,1218,1240,1273,1390,1173,1676,985,1246,1088,912,1030,1303,1140,1167,1592,1618,1620,1428,1210,1640,1148
708,708,1261,966,1180,1162,1068,1161,1113,1058,1116,1136,231,999,855,381,1031,1052,1031,1088,1211,1012,719,216,212,324,383,910,962,898,633,106,100,230,433,521,0,210,68,677,564,74,807,588,677,94,238,127,473,700,430,493,840,563,683,657,486,491,459,859,1225,760,1804,551,583,598,505,571,581,601,562,582,556,695,533,603,672,620,648,697,719,752,869,652,2163,802,1733,727,933,821,782,815,788,1071,2105,1099,907,809,1119,1635
668,662,1471,1176,1390,1372,1278,1371,1323,1268,1326,1346,405,1209,1065,591,1241,1262,1241,1298,1421,1222,929,426,422,534,593,1120,1172,1108,843,316,310,76,279,731,210,0,222,831,718,216,961,742,831,236,108,281,627,854,220,647,994,717,837,811,640,645,613,1013,1379,914,1958,705,737,752,555,519,735,495,716,568,710,849,685,623,826,774,802,681,661,640,659,750,2317,956,1887,881,1087,975,762,969,942,861,2259,889,737,963,909,1789
776,776,1249,954,1168,1150,1056,1149,1101,1046,1104,1124,299,987,843,369,1019,1040,1019,1076,1199,1000,707,204,200,312,371,898,950,886,621,94,88,298,501,509,68,222,0,609,496,86,739,520,609,106,250,101,405,632,442,425,772,495,615,589,418,423,391,791,1157,692,1736,483,515,530,517,583,513,613,494,594,518,627,545,615,604,576,580,709,731,764,881,664,2095,734,1665,659,865,753,794,747,720,1083,2037,1111,919,741,1131,1567
1385,1385,664,529,583,565,471,564,516,461,519,539,908,402,258,720,434,455,434,491,614,415,216,671,673,561,500,313,365,301,166,665,637,907,1110,190,677,831,609,0,125,671,130,149,70,691,835,686,380,155,1027,490,163,562,456,482,655,776,810,434,548,621,1127,872,846,833,1102,1168,954,1198,997,1179,1103,966,1130,1200,1109,1161,1135,1294,1316,1349,1466,1249,1486,1061,1056,1164,988,1106,1379,1216,1243,1668,1428,1696,1504,1286,1716,958
1272,1272,789,494,708,690,596,689,641,586,644,664,795,527,383,607,559,580,559,616,739,540,247,558,560,448,387,438,490,426,161,552,524,794,997,77,564,718,496,125,0,546,243,24,113,566,710,561,255,136,902,365,276,437,331,357,530,651,685,309,661,496,1240,747,721,708,977,1043,829,1073,872,1054,978,841,1005,1075,984,1036,1010,1169,1191,1224,1341,1124,1599,936,1169,1039,863,981,1254,1091,1118,1543,1541,1571,1379,1161,1591,1071
770,770,1335,1040,1254,1236,1142,1235,1187,1132,1190,1210,293,1073,929,455,1105,1126,1105,1162,1285,1086,793,290,286,398,457,984,1036,972,707,180,174,292,495,595,74,216,86,671,546,0,745,526,615,20,164,65,411,638,356,431,778,501,621,595,424,429,397,797,1163,698,1742,489,521,536,431,497,519,527,500,508,494,633,469,529,610,558,586,623,645,678,795,578,2101,740,1671,665,871,759,708,753,726,997,2043,1025,833,747,1045,1573
1515,1515,594,659,513,495,401,494,446,391,449,469,1038,332,376,850,364,385,364,421,544,345,346,801,803,691,630,243,295,231,296,795,767,1037,1240,320,807,961,739,130,243,745,0,219,140,761,905,756,450,225,1097,560,229,632,526,552,725,846,880,504,418,691,997,942,916,903,1172,1238,1024,1268,1067,1249,1173,1036,1200,1270,1179,1231,1205,1364,1386,1419,1536,1319,1356,1131,926,1234,1058,1176,1449,1286,1313,1738,1298,1766,1574,1356,1786,828
1296,1296,813,518,732,714,620,713,665,610,668,688,819,551,407,631,583,604,583,640,763,564,271,582,584,472,411,462,514,450,185,576,548,818,1021,101,588,742,520,149,24,526,219,0,89,542,686,537,231,112,878,341,252,413,307,333,506,627,661,285,637,472,1216,723,697,684,953,1019,805,1049,848,1030,954,817,981,1051,960,1012,986,1145,1167,1200,1317,1100,1575,912,1145,1015,839,957,1230,1067,1094,1519,1517,1547,1355,1137,1567,1047
1385,1385,734,529,653,635,541,634,586,531,589,609,908,472,328,720,504,525,504,561,684,485,216,671,673,561,500,383,435,371,166,665,637,907,1110,190,677,831,609,70,113,615,140,89,0,621,765,616,310,85,957,420,163,492,386,412,585,706,740,364,548,551,1127,802,776,763,1032,1098,884,1128,927,1109,1033,896,1060,1130,1039,1091,1065,1224,1246,1279,1396,1179,1486,991,1056,1094,918,1036,1309,1146,1173,1598,1428,1626,1434,1216,1646,958
790,790,1355,1060,1274,1256,1162,1255,1207,1152,1210,1230,313,1093,949,475,1125,1146,1125,1182,1305,1106,813,310,306,418,477,1004,1056,992,727,200,194,312,515,615,94,236,106,691,566,20,761,542,621,0,144,45,391,618,336,411,758,481,601,575,404,409,377,777,1143,678,1722,469,501,516,411,477,499,507,480,488,474,613,449,509,590,538,566,603,625,658,775,558,2081,720,1651,645,851,739,688,733,706,977,2023,1005,813,727,1025,1553
696,690,1499,1204,1418,1400,1306,1399,1351,1296,1354,1374,433,1237,1093,619,1269,1290,1269,1326,1449,1250,957,454,450,562,621,1148,1200,1136,871,344,338,184,387,759,238,108,250,835,710,164,905,686,765,144,0,173,519,746,192,539,886,609,729,703,532,537,505,905,1271,806,1850,597,629,644,447,411,627,387,608,460,602,741,577,515,718,666,694,573,553,532,631,642,2209,848,1779,773,979,867,654,861,834,833,2151,861,669,855,881,1681
835,835,1350,1055,1269,1251,1157,1250,1202,1147,1205,1225,358,1088,944,470,1120,1141,1120,1177,1300,1101,808,305,301,413,472,999,1051,987,722,195,189,357,560,610,127,281,101,686,561,65,756,537,616,45,173,0,346,573,341,366,713,436,556,530,359,364,332,732,1098,633,1677,424,456,471,416,482,454,512,435,493,429,568,444,514,545,493,521,608,630,663,780,563,2036,675,1606,600,806,694,693,688,661,982,1978,1010,818,682,1030,1508
1181,1181,1044,749,963,945,851,944,896,841,899,919,704,782,638,516,814,835,814,871,994,795,502,467,469,357,296,693,745,681,416,461,433,703,906,304,473,627,405,380,255,411,450,231,310,391,519,346,0,227,647,110,367,182,210,184,275,396,430,386,752,287,1331,492,466,453,722,788,574,818,617,799,723,586,750,820,729,781,755,914,936,969,1086,869,1690,681,1260,784,608,726,999,836,863,1288,1632,1316,1124,906,1336,1162
1408,1408,819,552,738,720,626,719,671,616,674,694,931,557,413,743,589,610,589,646,769,570,277,694,696,584,523,468,520,456,191,688,660,930,1133,213,700,854,632,155,136,638,225,112,85,618,746,573,227,0,872,335,140,407,301,327,500,621,655,279,525,466,1104,717,691,678,947,1013,799,1043,842,1024,948,811,975,1045,954,1006,980,1139,1161,1194,1311,1094,1463,906,1033,1009,833,951,1224,1061,1088,1513,1405,1541,1349,1131,1561,935
888,882,1691,1396,1610,1592,1498,1591,1543,1488,1546,1566,625,1429,1285,811,1461,1482,1461,1518,1641,1442,1149,646,642,754,813,1340,1392,1328,1063,536,530,246,365,951,430,220,442,1027,902,356,1097,878,957,336,192,341,647,872,0,561,908,631,751,725,554,559,527,927,1293,828,1872,619,651,666,469,433,649,409,630,482,624,763,599,537,740,688,716,595,575,554,443,664,2231,870,1801,795,1001,889,676,883,856,641,2173,669,651,877,689,1703
1201,1201,1154,859,1073,1055,961,1054,1006,951,1009,1029,724,892,748,536,924,945,924,981,1104,905,612,487,489,377,316,803,855,791,526,481,453,723,926,414,493,647,425,490,365,431,560,341,420,411,539,366,110,335,561,0,347,72,190,164,165,286,320,366,732,267,1311,382,356,343,612,678,464,708,507,689,613,476,640,710,619,671,645,804,826,859,976,759,1670,571,1240,674,498,616,889,726,753,1178,1612,1206,1014,796,1226,1142
1548,1548,823,692,742,724,630,723,675,620,678,698,1071,561,417,883,593,614,593,650,773,574,379,834,836,724,663,472,524,460,329,828,800,1070,1273,353,840,994,772,163,276,778,229,252,163,758,886,713,367,140,908,347,0,403,297,323,496,617,651,275,385,462,964,713,687,674,943,1009,795,1039,838,1020,944,807,971,1041,950,1002,976,1135,1157,1190,1307,1090,1323,902,893,1005,829,947,1220,1057,1084,1509,1265,1537,1345,1127,1557,795
1271,1271,1226,931,1145,1127,1033,1126,1078,1023,1081,1101,794,964,820,606,996,1017,996,1053,1176,977,684,557,559,447,386,875,927,863,598,551,523,793,996,486,563,717,495,562,437,501,632,413,492,481,609,436,182,407,631,72,403,0,120,94,93,214,248,296,662,197,1241,310,284,271,540,606,392,636,435,617,541,404,568,638,547,599,573,732,754,787,904,687,1600,499,1170,602,426,544,817,654,681,1106,1542,1134,942,724,1154,1072
1391,1391,1120,825,1039,1021,927,1020,972,917,975,995,914,858,714,726,890,911,890,947,1070,871,578,677,679,567,506,769,821,757,492,671,643,913,1116,380,683,837,615,456,331,621,526,307,386,601,729,556,210,301,751,190,297,120,0,26,199,320,354,176,542,165,1121,416,390,377,646,712,498,742,541,723,647,510,674,744,653,705,679,838,860,893,1010,793,1480,605,1050,708,532,650,923,760,787,1212,1422,1240,1048,830,1260,952
1365,1365,1146,851,1065,1047,953,1046,998,943,1001,1021,888,884,740,700,916,937,916,973,1096,897,604,651,653,541,480,795,847,783,518,645,617,887,1090,406,657,811,589,482,357,595,552,333,412,575,703,530,184,327,725,164,323,94,26,0,173,294,328,202,568,139,1147,390,364,351,620,686,472,716,515,697,621,484,648,718,627,679,653,812,834,867,984,767,1506,579,1076,682,506,624,897,734,761,1186,1448,1214,1022,804,1234,978
1194,1194,1319,1024,1238,1220,1126,1219,1171,1116,1174,1194,717,1057,913,529,1089,1110,1089,1146,1269,1070,777,480,482,382,441,968,1020,956,691,474,446,716,919,579,486,640,418,655,530,424,725,506,585,404,532,359,275,500,554,165,496,93,199,173,0,121,155,373,739,274,1318,217,191,178,447,513,299,543,342,524,448,311,475,545,454,506,480,639,661,694,811,594,1677,406,1247,509,447,451,724,561,588,1013,1619,1041,849,631,1061,1149
1199,1199,1440,1145,1359,1341,1247,1340,1292,1237,1295,1315,722,1178,1034,560,1210,1231,1210,1267,1390,1191,898,485,487,503,562,1089,1141,1077,812,479,451,721,924,700,491,645,423,776,651,429,846,627,706,409,537,364,396,621,559,286,617,214,320,294,121,0,34,368,734,269,1313,96,92,107,326,392,178,422,221,403,327,204,354,424,333,385,359,518,540,573,690,473,1672,311,1242,388,442,330,603,440,467,892,1614,920,728,510,940,1144
1167,1167,1474,1179,1393,1375,1281,1374,1326,1271,1329,1349,690,1212,1068,594,1244,1265,1244,1301,1424,1225,932,453,455,537,596,1123,1175,1111,846,447,419,689,892,734,459,613,391,810,685,397,880,661,740,377,505,332,430,655,527,320,651,248,354,328,155,34,0,400,766,301,1345,92,124,139,292,358,144,388,187,369,293,236,320,390,299,351,325,484,506,539,656,439,1704,343,1274,354,474,362,569,406,433,858,1646,886,694,476,906,1176
1567,1567,1098,803,1017,999,905,998,950,895,953,973,1090,836,692,902,868,889,868,925,1048,849,556,853,855,743,682,747,799,735,470,847,819,1089,1292,372,859,1013,791,434,309,797,504,285,364,777,905,732,386,279,927,366,275,296,176,202,373,368,400,0,366,187,945,438,412,399,668,734,520,764,563,745,669,532,696,766,675,727,701,860,882,915,1032,815,1304,627,874,730,554,672,945,782,809,1234,1246,1262,1070,852,1282,776
1933,1933,874,1077,719,701,655,700,652,603,655,675,1456,652,794,1268,618,595,616,627,750,551,764,1219,1221,1109,1048,497,501,469,714,1213,1185,1455,1658,738,1225,1379,1157,548,661,1163,418,637,548,1143,1271,1098,752,525,1293,732,385,662,542,568,739,734,766,366,0,485,579,736,710,697,966,1032,818,1062,861,1043,967,830,994,1064,973,1025,999,1158,1180,1213,1330,1113,938,925,508,1028,852,970,1243,1080,1107,1532,880,1560,1368,1150,1580,410
1468,1468,1285,990,1204,1186,1092,1185,1137,1082,1140,1160,991,1023,879,803,1055,1076,1055,1112,1235,1036,743,754,756,644,583,934,986,922,657,748,720,990,1193,545,760,914,692,621,496,698,691,472,551,678,806,633,287,466,828,267,462,197,165,139,274,269,301,187,485,0,1044,251,225,212,481,547,333,577,376,558,482,345,509,579,488,540,514,673,695,728,845,628,1403,440,973,543,367,485,758,595,622,1047,1345,1075,883,665,1095,875
2512,2512,1453,1656,1144,1162,1234,1125,1161,1182,1118,1094,2035,1231,1373,1847,1197,1174,1195,1136,961,1076,1343,1798,1800,1688,1627,1076,1014,1048,1293,1792,1764,2034,2237,1317,1804,1958,1736,1127,1240,1742,997,1216,1127,1722,1850,1677,1331,1104,1872,1311,964,1241,1121,1147,1318,1313,1345,945,579,1044,0,1271,1245,1232,1501,1567,1353,1597,1396,1578,1502,1365,1529,1599,1508,1560,1534,1693,1715,1748,1865,1648,359,1460,539,1563,1387,1505,1778,1615,1642,2067,361,2095,1903,1685,2115,909
1259,1259,1536,1241,1455,1437,1343,1436,1388,1333,1391,1411,782,1274,1130,656,1306,1327,1306,1363,1486,1287,994,545,547,599,658,1185,1237,1173,908,539,511,781,984,796,551,705,483,872,747,489,942,723,802,469,597,424,492,717,619,382,713,310,416,390,217,96,92,438,736,251,1271,0,32,47,230,296,82,326,125,307,231,144,258,328,237,289,263,422,444,477,594,377,1612,251,1182,292,382,270,507,344,371,796,1554,824,632,414,844,1084
1291,1291,1510,1215,1429,1411,1317,1410,1362,1307,1365,1385,814,1248,1104,630,1280,1301,1280,1337,1460,1261,968,577,579,573,632,1159,1211,1147,882,571,543,813,1016,770,583,737,515,846,721,521,916,697,776,501,629,456,466,691,651,356,687,284,390,364,191,92,124,412,710,225,1245,32,0,15,256,322,108,352,151,333,257,120,284,354,263,315,289,448,470,503,620,403,1580,219,1150,318,350,260,533,370,397,822,1522,850,658,440,870,1052
1306,1306,1497,1202,1416,1398,1304,1397,1349,1294,1352,1372,829,1235,1091,641,1267,1288,1267,1324,1447,1248,955,592,594,560,619,1146,1198,1134,869,586,558,828,1031,757,598,752,530,833,708,536,903,684,763,516,644,471,453,678,666,343,674,271,377,351,178,107,139,399,697,212,1232,47,15,0,269,335,121,365,164,346,270,133,297,367,276,328,302,461,483,516,633,416,1565,228,1135,331,335,273,546,383,410,835,1507,863,671,453,883,1037
1109,1109,1766,1471,1685,1667,1573,1666,1618,1563,1621,1641,700,1504,1360,886,1536,1557,1536,1593,1716,1517,1224,721,717,829,888,1415,1467,1403,1138,611,605,631,834,1026,505,555,517,1102,977,431,1172,953,1032,411,447,416,722,947,469,612,943,540,646,620,447,326,292,668,966,481,1501,230,256,269,0,66,180,96,161,77,155,294,130,98,271,219,247,192,214,247,364,195,1762,401,1332,326,532,420,277,414,387,566,1704,594,402,408,614,1234
1073,1073,1832,1537,1751,1733,1639,1732,1684,1629,1687,1707,766,1570,1426,952,1602,1623,1602,1659,1782,1583,1290,787,783,895,954,1481,1533,1469,1204,677,671,595,798,1092,571,519,583,1168,1043,497,1238,1019,1098,477,411,482,788,1013,433,678,1009,606,712,686,513,392,358,734,1032,547,1567,296,322,335,66,0,216,30,197,49,191,330,166,104,307,255,283,162,148,181,298,231,1798,437,1368,362,568,456,243,450,423,500,1740,528,336,444,548,1270
1289,1289,1618,1323,1537,1519,1425,1518,1470,1415,1473,1493,812,1356,1212,738,1388,1409,1388,1445,1568,1369,1076,575,577,681,740,1267,1319,1255,990,569,541,811,1014,878,581,735,513,954,829,519,1024,805,884,499,627,454,574,799,649,464,795,392,498,472,299,178,144,520,818,333,1353,82,108,121,180,216,0,244,43,225,149,114,176,246,155,207,181,340,362,395,512,295,1582,221,1152,210,352,240,425,262,289,714,1524,742,550,332,762,1054
1059,1053,1862,1567,1781,1763,1669,1762,1714,1659,1717,1737,796,1600,1456,982,1632,1653,1632,1689,1812,1613,1320,817,813,925,984,1511,1563,1499,1234,707,701,571,774,1122,601,495,613,1198,1073,527,1268,1049,1128,507,387,512,818,1043,409,708,1039,636,742,716,543,422,388,764,1062,577,1597,326,352,365,96,30,244,0,221,73,215,354,190,128,331,279,307,186,166,151,268,255,1822,461,1392,386,592,480,267,474,447,470,1764,498,306,468,518,1294
1270,1270,1661,1366,1580,1562,1468,1561,1513,1458,1516,1536,793,1399,1255,781,1431,1452,1431,1488,1611,1412,1119,616,612,724,783,1310,1362,1298,1033,550,522,792,995,921,562,716,494,997,872,500,1067,848,927,480,608,435,617,842,630,507,838,435,541,515,342,221,187,563,861,376,1396,125,151,164,161,197,43,221,0,182,106,133,133,203,112,164,138,297,319,352,469,252,1601,240,1171,167,371,259,382,253,246,671,1543,699,507,289,719,1073
1122,1122,1843,1548,1762,1744,1650,1743,1695,1640,1698,1718,777,1581,1437,963,1613,1634,1613,1670,1793,1594,1301,798,794,906,965,1492,1544,1480,1215,688,682,644,847,1103,582,568,594,1179,1054,508,1249,1030,1109,488,460,493,799,1024,482,689,1020,617,723,697,524,403,369,745,1043,558,1578,307,333,346,77,49,225,73,182,0,142,281,117,55,258,206,234,115,137,170,287,182,1749,388,1319,313,519,407,200,401,374,489,1691,517,325,395,537,1221
1264,1264,1767,1472,1686,1668,1574,1667,1619,1564,1622,1642,787,1505,1361,887,1537,1558,1537,1594,1717,1518,1225,722,718,830,889,1416,1468,1404,1139,612,606,786,989,1027,556,710,518,1103,978,494,1173,954,1033,474,602,429,723,948,624,613,944,541,647,621,448,327,293,669,967,482,1502,231,257,270,155,191,149,215,106,142,0,139,27,97,116,64,92,191,213,246,363,146,1607,246,1177,171,377,265,276,259,232,565,1549,593,401,253,613,1079
1403,1403,1630,1335,1549,1531,1437,1530,1482,1427,1485,1505,926,1368,1224,750,1400,1421,1400,1457,1580,1381,1088,689,691,693,752,1279,1331,1267,1002,683,655,925,1128,890,695,849,627,966,841,633,1036,817,896,613,741,568,586,811,763,476,807,404,510,484,311,204,236,532,830,345,1365,144,120,133,294,330,114,354,133,281,139,0,164,234,143,195,169,328,350,383,500,283,1468,107,1038,198,238,140,413,250,277,702,1410,730,538,320,750,940
1239,1239,1794,1499,1713,1695,1601,1694,1646,1591,1649,1669,762,1532,1388,914,1564,1585,1564,1621,1744,1545,1252,749,745,857,916,1443,1495,1431,1166,639,633,761,964,1054,533,685,545,1130,1005,469,1200,981,1060,449,577,444,750,975,599,640,971,568,674,648,475,354,320,696,994,509,1529,258,284,297,130,166,176,190,133,117,27,164,0,70,141,89,117,164,186,219,336,119,1632,271,1202,196,402,290,249,284,257,538,1574,566,374,278,586,1104
1177,1177,1864,1569,1783,1765,1671,1764,1716,1661,1719,1739,798,1602,1458,984,1634,1655,1634,1691,1814,1615,1322,819,815,927,986,1513,1565,1501,1236,709,703,699,902,1124,603,623,615,1200,1075,529,1270,1051,1130,509,515,514,820,1045,537,710,1041,638,744,718,545,424,390,766,1064,579,1599,328,354,367,98,104,246,128,203,55,97,234,70,0,203,151,179,94,116,149,266,127,1694,333,1264,258,464,352,179,346,319,468,1636,496,304,340,516,1166
1380,1380,1773,1478,1692,1674,1580,1673,1625,1570,1628,1648,903,1511,1367,893,1543,1564,1543,1600,1723,1524,1231,728,724,836,895,1422,1474,1410,1145,660,632,902,1105,1033,672,826,604,1109,984,610,1179,960,1039,590,718,545,729,954,740,619,950,547,653,627,454,333,299,675,973,488,1508,237,263,276,271,307,155,331,112,258,116,143,141,203,0,52,26,185,207,240,357,140,1491,130,1061,55,261,149,270,143,134,559,1433,587,395,177,607,963
1328,1328,1825,1530,1744,1726,1632,1725,1677,1622,1680,1700,851,1563,1419,945,1595,1616,1595,1652,1775,1576,1283,780,776,888,947,1474,1526,1462,1197,670,664,850,1053,1085,620,774,576,1161,1036,558,1231,1012,1091,538,666,493,781,1006,688,671,1002,599,705,679,506,385,351,727,1025,540,1560,289,315,328,219,255,207,279,164,206,64,195,89,151,52,0,28,133,155,188,305,88,1543,182,1113,107,313,201,218,195,168,507,1485,535,343,189,555,1015
1356,1356,1799,1504,1718,1700,1606,1699,1651,1596,1654,1674,879,1537,1393,919,1569,1590,1569,1626,1749,1550,1257,754,750,862,921,1448,1500,1436,1171,644,638,878,1081,1059,648,802,580,1135,1010,586,1205,986,1065,566,694,521,755,980,716,645,976,573,679,653,480,359,325,701,999,514,1534,263,289,302,247,283,181,307,138,234,92,169,117,179,26,28,0,159,181,214,331,114,1515,154,1085,79,285,173,244,167,140,533,1457,561,369,161,581,987
1235,1235,1958,1663,1877,1859,1765,1858,1810,1755,1813,1833,892,1696,1552,1078,1728,1749,1728,1785,1908,1709,1416,913,909,1021,1080,1607,1659,1595,1330,803,797,757,960,1218,697,681,709,1294,1169,623,1364,1145,1224,603,573,608,914,1139,595,804,1135,732,838,812,639,518,484,860,1158,673,1693,422,448,461,192,162,340,186,297,115,191,328,164,94,185,133,159,0,22,55,172,69,1636,275,1206,200,406,294,85,288,261,374,1578,402,210,282,422,1108
1215,1215,1980,1685,1899,1881,1787,1880,1832,1777,1835,1855,914,1718,1574,1100,1750,1771,1750,1807,1930,1731,1438,935,931,1043,1102,1629,1681,1617,1352,825,819,737,940,1240,719,661,731,1316,1191,645,1386,1167,1246,625,553,630,936,1161,575,826,1157,754,860,834,661,540,506,882,1180,695,1715,444,470,483,214,148,362,166,319,137,213,350,186,116,207,155,181,22,0,33,150,89,1656,295,1226,220,426,314,101,308,281,352,1598,380,188,302,400,1128
1210,1204,2013,1718,1932,1914,1820,1913,1865,1810,1868,1888,947,1751,1607,1133,1783,1804,1783,1840,1963,1764,1471,968,964,1076,1135,1662,1714,1650,1385,858,852,716,919,1273,752,640,764,1349,1224,678,1419,1200,1279,658,532,663,969,1194,554,859,1190,787,893,867,694,573,539,915,1213,728,1748,477,503,516,247,181,395,151,352,170,246,383,219,149,240,188,214,55,33,0,117,110,1677,316,1247,241,447,335,122,329,302,319,1619,347,155,323,367,1149
1327,1321,2130,1835,2049,2031,1937,2030,1982,1927,1985,2005,1064,1868,1724,1250,1900,1921,1900,1957,2080,1881,1588,1085,1081,1193,1252,1779,1831,1767,1502,975,969,685,808,1390,869,659,881,1466,1341,795,1536,1317,1396,775,631,780,1086,1311,443,976,1307,904,1010,984,811,690,656,1032,1330,845,1865,594,620,633,364,298,512,268,469,287,363,500,336,266,357,305,331,172,150,117,0,221,1788,427,1358,352,558,446,233,440,413,202,1730,230,208,434,250,1260
1304,1304,1913,1618,1832,1814,1720,1813,1765,1710,1768,1788,847,1651,1507,1033,1683,1704,1683,1740,1863,1664,1371,868,864,976,1035,1562,1614,1550,1285,758,752,826,1029,1173,652,750,664,1249,1124,578,1319,1100,1179,558,642,563,869,1094,664,759,1090,687,793,767,594,473,439,815,1113,628,1648,377,403,416,195,231,295,255,252,182,146,283,119,127,140,88,114,69,89,110,221,0,1567,206,1137,131,337,225,130,219,192,419,1509,447,255,213,467,1039
2871,2871,1812,2015,1503,1521,1593,1484,1520,1541,1477,1453,2394,1590,1732,2206,1556,1533,1554,1495,1320,1435,1702,2157,2159,2047,1986,1435,1373,1407,1652,2151,2123,2393,2596,1676,2163,2317,2095,1486,1599,2101,1356,1575,1486,2081,2209,2036,1690,1463,2231,1670,1323,1600,1480,1506,1677,1672,1704,1304,938,1403,359,1612,1580,1565,1762,1798,1582,1822,1601,1749,1607,1468,1632,1694,1491,1543,1515,1636,1656,1677,1788,1567,0,1365,444,1468,1292,1410,1683,1520,1547,1972,266,2000,1808,1590,2020,814
1510,1510,1725,1430,1644,1626,1532,1625,1577,1522,1580,1600,1033,1463,1319,845,1495,1516,1495,1552,1675,1476,1183,796,798,788,847,1374,1426,1362,1097,790,762,1032,1235,985,802,956,734,1061,936,740,1131,912,991,720,848,675,681,906,870,571,902,499,605,579,406,311,343,627,925,440,1460,251,219,228,401,437,221,461,240,388,246,107,271,333,130,182,154,275,295,316,427,206,1365,0,931,103,131,45,318,155,182,607,1303,635,443,225,655,833
2441,2441,1382,1585,1073,1091,1163,1054,1090,1111,1047,1023,1964,1160,1302,1776,1126,1103,1124,1065,890,1005,1272,1727,1729,1617,1556,1005,943,977,1222,1721,1693,1963,2166,1246,1733,1887,1665,1056,1169,1671,926,1145,1056,1651,1779,1606,1260,1033,1801,1240,893,1170,1050,1076,1247,1242,1274,874,508,973,539,1182,1150,1135,1332,1368,1152,1392,1171,1319,1177,1038,1202,1264,1061,1113,1085,1206,1226,1247,1358,1137,444,931,0,1024,848,966,1239,1076,1103,1528,372,1556,1364,1146,1576,370
1435,1435,1828,1533,1747,1729,1635,1728,1680,1625,1683,1703,958,1566,1422,948,1598,1619,1598,1655,1778,1579,1286,783,779,891,950,1477,1529,1465,1200,715,687,957,1160,1088,727,881,659,1164,1039,665,1234,1015,1094,645,773,600,784,1009,795,674,1005,602,708,682,509,388,354,730,1028,543,1563,292,318,331,326,362,210,386,167,313,171,198,196,258,55,107,79,200,220,241,352,131,1468,103,1024,0,206,94,215,88,79,504,1378,532,340,122,552,908
1641,1641,1652,1357,1571,1553,1459,1552,1504,1449,1507,1527,1164,1390,1246,976,1422,1443,1422,1479,1602,1403,1110,927,929,817,774,1301,1353,1289,1024,921,893,1163,1366,912,933,1087,865,988,863,871,1058,839,918,851,979,806,608,833,1001,498,829,426,532,506,447,442,474,554,852,367,1387,382,350,335,532,568,352,592,371,519,377,238,402,464,261,313,285,406,426,447,558,337,1292,131,848,206,0,118,391,228,255,680,1172,708,516,298,728,702
1529,1529,1770,1475,1689,1671,1577,1670,1622,1567,1625,1645,1052,1508,1364,890,1540,1561,1540,1597,1720,1521,1228,815,817,833,892,1419,1471,1407,1142,809,781,1051,1254,1030,821,975,753,1106,981,759,1176,957,1036,739,867,694,726,951,889,616,947,544,650,624,451,330,362,672,970,485,1505,270,260,273,420,456,240,480,259,407,265,140,290,352,149,201,173,294,314,335,446,225,1410,45,966,94,118,0,273,110,137,562,1284,590,398,180,610,814
