0,10,5,2,12,4,8,4,7,6,6,2,1,3,8,1,2,10,25,55,28,14,40,9,22,8,58,19,10,2,3,5,66,10,9,11,4,5,5,10,9,16,2,5,28,5,5,4,4,2,11,11,14,6,14,34,8,12,5,8,10,9,6,4,18,32,6,6,7,9,4,7,2,6,3,8,5,8,11,8,5,18,14,17,6,9,9,11,40,5,4,10,12,6,11,5,6,10,8,6
0,0,5,0,0,0,7,0,7,0,6,0,0,3,0,0,0,0,25,0,0,12,0,0,0,0,24,18,0,2,0,5,0,0,9,0,0,0,0,10,9,0,0,0,0,0,0,0,0,0,0,0,0,0,0,0,8,0,0,8,0,9,0,4,0,32,6,6,0,0,1,0,0,6,3,0,5,0,0,8,4,0,0,17,0,0,0,0,0,5,0,0,12,0,1,5,0,10,2,6
0,4,0,2,1,1,0,4,0,1,0,1,1,0,4,1,1,1,0,46,1,0,12,7,1,6,0,0,10,0,3,0,18,1,0,1,3,2,1,0,0,12,1,2,14,1,5,4,1,2,8,1,1,1,1,17,0,1,3,0,7,0,2,0,1,0,0,0,5,3,0,7,2,0,0,1,0,4,10,0,0,18,13,0,4,2,6,1,1,0,1,1,0,1,0,0,1,0,0,0
0,-4,5,-2,-1,-1,7,-4,7,-1,6,-1,-1,3,-4,-1,-1,-1,25,-46,-1,12,-12,-7,-1,-6,24,18,-10,2,-3,5,-18,-1,9,-1,-3,-2,-1,10,9,-12,-1,-2,-14,-1,-5,-4,-1,-2,-8,-1,-1,-1,-1,-17,8,-1,-3,8,-7,9,-2,4,-1,32,6,6,-5,-3,1,-7,-2,6,3,-1,5,-4,-10,8,4,-18,-13,17,-4,-2,-6,-1,-1,5,-1,-1,12,-1,1,5,-1,10,2,6
0,6,444,1059,856,1387,1351,1310,1330,1394,1418,665,1358,1338,1317,1376,673,1551,1169,712,824,885,552,1436,1498,1223,1524,1464,1219,1096,720,811,642,1195,734,668,776,1385,1412,1262,770,1515,1296,1385,790,696,1462,1181,1408,2136,1201,1548,1391,1194,1654,1199,1567,1372,2524,1933,1468,1453,1514,1306,1150,1109,2550,1073,1289,1059,1270,1122,1151,1710,1684,1403,1239,1177,1380,1328,1356,1244,1215,1577,2441,1435,1407,1641,1529,1280,1775,2333,2918,2297,1311,1496,1529,1413,1381,1577
6,0,438,1059,856,1387,1351,1310,1330,1394,1418,665,1358,1338,1317,1376,673,1551,1169,712,824,885,546,1436,1498,1223,1524,1464,1219,1090,720,811,636,1195,734,662,776,1385,1412,1262,770,1515,1296,1385,790,690,1462,1181,1408,2136,1201,1548,1391,1194,1654,1199,1567,1372,2524,1933,1468,1453,1514,1306,1150,1109,2550,1073,1289,1053,1270,1122,1151,1710,1678,1403,1239,1177,1380,1328,1356,1244,1215,1577,2441,1435,1407,1641,1529,1280,1775,2333,2918,2297,1305,1496,1523,1407,1381,1571
444,438,0,1407,1204,1735,1699,1658,1678,1742,1766,1013,1706,1686,1665,1724,1021,1899,1517,1060,1172,1233,774,1784,1846,1571,1872,1812,1567,652,1068,1159,826,1543,1082,902,1124,1733,1760,1610,1118,1863,1644,1733,1138,1010,1810,1529,1756,2484,1549,1896,1739,1542,2002,1547,1915,1720,2872,2281,1816,1801,1862,1654,1498,1457,2898,1421,1637,1397,1618,1470,1499,2058,1240,1751,1587,1525,1728,1676,1704,1592,1563,1925,2789,1783,1755,1989,1877,1628,2123,2681,3266,2645,1637,1844,1419,1535,1729,1485
1059,1059,1407,0,295,328,292,251,271,335,359,880,299,279,258,317,898,492,542,1049,937,878,1355,377,439,576,465,405,628,1899,1155,1082,1445,740,1289,1471,1249,664,641,839,1335,594,813,734,1355,1499,703,1044,819,1077,1154,823,1120,1319,933,1440,1098,1297,1465,874,1285,1302,1271,1497,1725,1766,1491,1832,1618,1862,1661,1843,1814,1291,2487,1630,1794,1864,1773,1825,1799,1921,1980,1640,1382,1828,1858,1652,1770,2057,1564,1274,1859,1238,2114,1907,2332,2216,2082,2380
856,856,1204,295,0,531,495,454,474,538,562,585,502,482,461,520,603,695,313,754,642,583,1060,580,642,367,668,608,363,1604,860,787,1150,445,994,1176,954,529,556,544,1040,659,518,529,1060,1204,606,749,552,1280,859,692,825,1024,798,1145,803,1002,1668,1077,990,1007,976,1202,1430,1471,1694,1537,1323,1567,1366,1548,1519,996,2192,1335,1499,1569,1478,1530,1504,1626,1685,1345,1585,1533,1563,1357,1475,1762,1269,1477,2062,1441,1819,1612,2037,1921,1787,2085
1387,1387,1735,328,531,0,48,91,103,45,31,780,89,109,130,73,798,164,442,949,837,778,1255,251,199,476,181,263,528,1799,1055,982,1345,640,1189,1371,1149,564,541,739,1235,494,713,634,1255,1399,603,944,719,749,1054,723,1020,1219,833,1340,998,1197,1137,700,1185,1202,1171,1397,1625,1666,1163,1732,1518,1762,1561,1743,1714,1191,2387,1530,1694,1764,1673,1725,1699,1821,1880,1540,1054,1728,1758,1552,1670,1957,1464,946,1531,984,2014,1807,2232,2116,1982,2280
1351,1351,1699,292,495,48,0,43,55,43,67,732,41,61,82,25,750,200,394,901,789,730,1207,203,151,428,173,215,480,1751,1007,934,1297,592,1141,1323,1101,516,493,691,1187,446,665,586,1207,1351,555,896,671,785,1006,675,972,1171,785,1292,950,1149,1173,652,1137,1154,1123,1349,1577,1618,1199,1684,1470,1714,1513,1695,1666,1143,2339,1482,1646,1716,1625,1677,1651,1773,1832,1492,1090,1680,1710,1504,1622,1909,1416,982,1567,946,1966,1759,2184,2068,1934,2232
1310,1310,1658,251,454,91,43,0,20,84,108,689,48,28,39,66,707,241,351,858,746,687,1164,160,188,385,214,172,437,1708,964,891,1254,549,1098,1280,1058,473,450,648,1144,403,622,543,1164,1308,512,853,628,826,963,632,929,1128,742,1249,907,1106,1214,623,1094,1111,1080,1306,1534,1575,1240,1641,1427,1671,1470,1652,1623,1100,2296,1439,1603,1673,1582,1634,1608,1730,1789,1449,1131,1637,1667,1461,1579,1866,1373,1023,1608,987,1923,1716,2141,2025,1891,2189
1330,1330,1678,271,474,103,55,20,0,64,88,677,28,8,27,46,695,221,339,846,734,675,1152,148,168,373,194,160,425,1696,952,879,1242,537,1086,1268,1046,461,438,636,1132,391,610,531,1152,1296,500,841,616,806,951,620,917,1116,730,1237,895,1094,1194,603,1082,1099,1068,1294,1522,1563,1220,1629,1415,1659,1458,1640,1611,1088,2284,1427,1591,1661,1570,1622,1596,1718,1777,1437,1111,1625,1655,1449,1567,1854,1361,1003,1588,967,1911,1704,2129,2013,1879,2177
1394,1394,1742,335,538,45,43,84,64,0,24,735,44,64,85,28,753,157,397,904,792,733,1210,206,154,431,136,218,483,1754,1010,937,1300,595,1144,1326,1104,519,496,694,1190,449,668,589,1210,1354,558,899,674,742,1009,678,975,1174,788,1295,953,1152,1130,655,1140,1157,1126,1352,1580,1621,1156,1687,1473,1717,1516,1698,1669,1146,2342,1485,1649,1719,1628,1680,1654,1776,1835,1495,1047,1683,1713,1507,1625,1912,1419,939,1524,939,1969,1762,2187,2071,1937,2235
1418,1418,1766,359,562,31,67,108,88,24,0,755,64,84,105,48,773,133,417,924,812,753,1230,226,174,451,156,238,503,1774,1030,957,1320,615,1164,1346,1124,539,516,714,1210,469,688,609,1230,1374,578,919,694,718,1029,698,995,1194,808,1315,973,1172,1106,675,1160,1177,1146,1372,1600,1641,1132,1707,1493,1737,1536,1718,1689,1166,2362,1505,1669,1739,1648,1700,1674,1796,1855,1515,1023,1703,1733,1527,1645,1932,1439,915,1500,959,1989,1782,2207,2091,1957,2255
665,665,1013,880,585,780,732,689,677,735,755,0,693,673,652,711,18,886,504,169,159,220,475,771,833,558,859,799,554,1019,275,202,565,530,409,591,369,720,747,597,455,850,631,720,475,619,797,516,743,1471,536,883,726,529,989,560,902,707,1859,1268,803,788,849,641,845,886,1885,952,738,982,781,963,934,1045,1607,750,914,984,893,945,919,1041,1100,912,1776,948,978,976,890,1177,1110,1668,2253,1632,1234,1027,1452,1336,1202,1500
1358,1358,1706,299,502,89,41,48,28,44,64,693,0,20,41,18,709,193,353,860,748,689,1166,162,140,387,166,174,439,1710,966,893,1256,551,1100,1282,1060,475,452,650,1146,405,624,545,1166,1310,514,855,630,778,965,634,931,1130,744,1251,909,1108,1166,611,1096,1113,1082,1308,1536,1577,1192,1643,1429,1673,1472,1654,1625,1102,2298,1441,1605,1675,1584,1636,1610,1732,1791,1451,1083,1639,1669,1463,1581,1868,1375,975,1560,939,1925,1718,2143,2027,1893,2191
1338,1338,1686,279,482,109,61,28,8,64,84,673,20,0,21,38,689,213,333,840,728,669,1146,142,160,367,186,154,419,1690,946,873,1236,531,1080,1262,1040,455,432,630,1126,385,604,525,1146,1290,494,835,610,798,945,614,911,1110,724,1231,889,1088,1186,595,1076,1093,1062,1288,1516,1557,1212,1623,1409,1653,1452,1634,1605,1082,2278,1421,1585,1655,1564,1616,1590,1712,1771,1431,1103,1619,1649,1443,1561,1848,1355,995,1580,959,1905,1698,2123,2007,1873,2171
1317,1317,1665,258,461,130,82,39,27,85,105,652,41,21,0,59,668,234,312,819,707,648,1125,121,181,346,207,147,398,1669,925,852,1215,510,1059,1241,1019,434,411,609,1105,364,583,504,1125,1269,473,814,589,819,924,593,890,1089,703,1210,868,1067,1207,616,1055,1072,1041,1267,1495,1536,1233,1602,1388,1632,1431,1613,1584,1061,2257,1400,1564,1634,1543,1595,1569,1691,1750,1410,1124,1598,1628,1422,1540,1827,1334,1016,1601,980,1884,1677,2102,1986,1852,2150
1376,1376,1724,317,520,73,25,66,46,28,48,711,18,38,59,0,725,175,369,876,764,705,1182,178,126,403,148,190,455,1726,982,909,1272,567,1116,1298,1076,491,468,666,1162,421,640,561,1182,1326,530,871,646,760,981,650,947,1146,760,1267,925,1124,1148,627,1112,1129,1098,1324,1552,1593,1174,1659,1445,1689,1488,1670,1641,1118,2314,1457,1621,1691,1600,1652,1626,1748,1807,1467,1065,1655,1685,1479,1597,1884,1391,957,1542,921,1941,1734,2159,2043,1909,2207
673,673,1021,898,603,798,750,707,695,753,773,18,709,689,668,725,0,878,496,151,151,212,457,763,825,550,851,791,546,1001,257,184,547,522,391,573,351,712,739,589,437,842,623,712,457,601,789,508,735,1463,528,875,718,521,981,542,894,699,1851,1260,795,780,841,633,827,868,1877,934,720,964,763,945,916,1037,1589,732,896,966,875,927,901,1023,1082,904,1768,930,960,968,872,1159,1102,1660,2245,1624,1216,1009,1434,1318,1184,1482
1551,1551,1899,492,695,164,200,241,221,157,133,886,193,213,234,175,878,0,492,999,887,828,1305,301,249,526,231,313,578,1849,1105,1032,1395,690,1239,1421,1199,614,591,789,1285,544,763,684,1305,1449,653,994,769,585,1104,773,1070,1269,883,1390,1048,1247,973,750,1235,1252,1221,1447,1675,1716,999,1782,1568,1812,1611,1793,1764,1241,2437,1580,1744,1814,1723,1775,1749,1871,1930,1590,890,1778,1808,1602,1720,2007,1514,976,1367,1034,2064,1857,2282,2166,2032,2330
1169,1169,1517,542,313,442,394,351,339,397,417,504,353,333,312,369,496,492,0,507,395,336,813,267,329,54,355,295,86,1357,613,540,903,198,747,929,707,216,243,297,793,346,271,216,813,957,293,502,277,967,612,379,578,777,485,898,556,755,1355,764,743,760,729,955,1183,1224,1381,1290,1076,1320,1119,1301,1272,749,1945,1088,1252,1322,1231,1283,1257,1379,1438,1098,1272,1286,1316,1110,1228,1515,1022,1164,1749,1128,1572,1365,1790,1674,1540,1838
712,712,1060,1049,754,949,901,858,846,904,924,169,860,840,819,876,151,999,507,0,112,173,306,724,786,511,812,752,507,850,106,99,396,483,240,422,200,673,700,550,286,803,584,673,306,450,750,469,696,1424,489,836,679,482,942,487,855,660,1812,1221,756,741,802,594,676,717,1838,783,577,813,612,794,765,998,1438,691,745,815,724,776,750,872,931,865,1729,779,809,929,817,1008,1063,1621,2206,1585,1065,858,1283,1167,1033,1331
824,824,1172,937,642,837,789,746,734,792,812,159,748,728,707,764,151,887,395,112,0,61,418,612,674,399,700,640,395,962,218,145,508,371,352,534,312,561,588,438,398,691,472,561,418,562,638,357,584,1312,377,724,567,382,830,503,743,548,1700,1109,644,629,690,560,788,829,1726,895,681,925,724,906,877,886,1550,693,857,927,836,888,862,984,1043,753,1617,891,921,817,833,1120,951,1509,2094,1473,1177,970,1395,1279,1145,1443
885,885,1233,878,583,778,730,687,675,733,753,220,689,669,648,705,212,828,336,173,61,0,477,551,613,338,639,579,334,1021,277,204,567,310,411,593,371,500,527,377,457,630,411,500,477,621,577,296,523,1251,316,663,506,441,769,562,682,487,1639,1048,583,568,629,619,847,888,1665,954,740,984,783,965,936,825,1609,752,916,986,895,947,921,1043,1102,762,1556,950,980,774,892,1179,890,1448,2033,1412,1236,1029,1454,1338,1204,1502
552,546,774,1355,1060,1255,1207,1164,1152,1210,1230,475,1166,1146,1125,1182,457,1305,813,306,418,477,0,1010,1072,797,1098,1038,793,544,294,385,90,769,308,128,350,959,986,836,344,1089,870,959,364,236,1036,755,982,1710,775,1122,965,768,1228,773,1141,946,2098,1507,1042,1027,1088,880,724,683,2124,647,863,623,844,696,725,1284,1132,977,813,751,954,902,930,818,789,1151,2015,1009,981,1215,1103,854,1349,1907,2492,1871,863,1070,977,861,955,1025
1436,1436,1784,377,580,251,203,160,148,206,226,771,162,142,121,178,763,301,267,724,612,551,1010,0,62,225,88,28,277,1548,804,731,1094,389,938,1120,898,313,290,488,984,243,462,383,1004,1148,352,693,468,700,803,472,769,968,582,1089,747,946,1088,497,934,951,920,1146,1374,1415,1114,1481,1267,1511,1310,1492,1463,940,2136,1279,1443,1513,1422,1474,1448,1570,1629,1289,1005,1477,1507,1301,1419,1706,1213,897,1482,861,1763,1556,1981,1865,1731,2029
1498,1498,1846,439,642,199,151,188,168,154,174,833,140,160,181,126,825,249,329,786,674,613,1072,62,0,277,26,64,329,1600,856,783,1146,441,990,1172,950,365,342,540,1036,295,514,435,1056,1200,404,745,520,638,855,524,821,1020,634,1141,799,998,1026,501,986,1003,972,1198,1426,1467,1052,1533,1319,1563,1362,1544,1515,992,2188,1331,1495,1565,1474,1526,1500,1622,1681,1341,943,1529,1559,1353,1471,1758,1265,835,1420,799,1815,1608,2033,1917,1783,2081
1223,1223,1571,576,367,476,428,385,373,431,451,558,387,367,346,403,550,526,54,511,399,338,797,225,277,0,301,241,52,1323,579,506,869,164,713,895,673,162,189,263,759,292,237,162,779,923,239,468,243,913,578,325,544,743,431,864,522,721,1301,710,709,726,695,921,1149,1190,1327,1256,1042,1286,1085,1267,1238,715,1911,1054,1218,1288,1197,1249,1223,1345,1404,1064,1218,1252,1282,1076,1194,1481,988,1110,1695,1074,1538,1331,1756,1640,1506,1804
1524,1524,1872,465,668,181,173,214,194,136,156,859,166,186,207,148,851,231,355,812,700,639,1098,88,26,301,0,82,347,1618,874,801,1164,459,1008,1190,968,383,360,558,1054,313,532,453,1074,1218,422,763,538,612,873,542,839,1038,652,1159,817,1016,1000,519,1004,1021,990,1216,1444,1485,1026,1551,1337,1581,1380,1562,1533,1010,2206,1349,1513,1583,1492,1544,1518,1640,1699,1359,917,1547,1577,1371,1489,1776,1283,809,1394,803,1833,1626,2051,1935,1801,2099
1464,1464,1812,405,608,263,215,172,160,218,238,799,174,154,147,190,791,313,295,752,640,579,1038,28,64,241,82,0,265,1536,792,719,1082,377,926,1108,886,301,278,476,972,231,450,371,992,1136,340,681,456,672,791,460,757,956,570,1077,735,934,1060,469,922,939,908,1134,1362,1403,1086,1469,1255,1499,1298,1480,1451,928,2124,1267,1431,1501,1410,1462,1436,1558,1617,1277,977,1465,1495,1289,1407,1694,1201,869,1454,833,1751,1544,1969,1853,1719,2017
1219,1219,1567,628,363,528,480,437,425,483,503,554,439,419,398,455,546,578,86,507,395,334,793,277,329,52,347,265,0,1271,527,454,817,112,661,843,621,166,193,211,707,296,185,166,727,871,243,416,191,917,526,329,492,691,435,812,470,669,1305,714,657,674,643,869,1097,1138,1331,1204,990,1234,1033,1215,1186,663,1859,1002,1166,1236,1145,1197,1171,1293,1352,1012,1222,1200,1230,1024,1142,1429,936,1114,1699,1078,1486,1279,1704,1588,1454,1752
1096,1090,652,1899,1604,1799,1751,1708,1696,1754,1774,1019,1710,1690,1669,1726,1001,1849,1357,850,962,1021,544,1548,1600,1323,1618,1536,1271,0,760,851,518,1235,774,594,816,1425,1452,1302,810,1555,1336,1425,830,702,1502,1221,1448,2176,1241,1588,1431,1234,1694,1239,1607,1412,2564,1973,1508,1493,1554,1346,1190,1149,2590,1113,1329,1089,1310,1162,1191,1750,588,1443,1279,1217,1420,1368,1396,1284,1255,1617,2481,1475,1447,1681,1569,1320,1815,2373,2958,2337,1329,1536,1111,1227,1421,1177
720,720,1068,1155,860,1055,1007,964,952,1010,1030,275,966,946,925,982,257,1105,613,106,218,277,294,804,856,579,874,792,527,760,0,91,290,475,134,316,94,665,692,542,180,795,576,665,200,344,742,461,688,1416,481,828,671,474,934,479,847,652,1804,1213,748,733,794,586,570,611,1830,677,569,707,550,688,659,990,1332,683,639,709,660,670,644,766,825,857,1721,715,703,921,809,902,1055,1613,2198,1577,959,776,1177,1061,927,1225
811,811,1159,1082,787,982,934,891,879,937,957,202,893,873,852,909,184,1032,540,99,145,204,385,731,783,506,801,719,454,851,91,0,363,384,207,389,167,574,601,451,253,704,485,574,273,417,651,370,597,1325,390,737,580,383,843,388,756,561,1713,1122,657,642,703,495,643,684,1739,750,536,780,579,761,732,899,1405,592,712,782,691,743,717,839,898,766,1630,746,776,830,718,975,964,1522,2107,1486,1032,825,1250,1134,1000,1298
642,636,826,1445,1150,1345,1297,1254,1242,1300,1320,565,1256,1236,1215,1272,547,1395,903,396,508,567,90,1094,1146,869,1164,1082,817,518,290,363,0,717,256,76,298,907,934,784,292,1037,818,907,312,184,984,703,930,1658,723,1070,913,716,1176,721,1089,894,2046,1455,990,975,1036,828,672,631,2072,595,811,571,792,644,673,1232,1042,925,761,699,902,850,878,766,737,1099,1963,957,929,1163,1051,802,1297,1855,2440,1819,811,1018,887,771,903,935
1195,1195,1543,740,445,640,592,549,537,595,615,530,551,531,510,567,522,690,198,483,371,310,769,389,441,164,459,377,112,1235,475,384,717,0,549,731,509,190,217,99,595,320,101,190,615,759,267,304,213,941,414,353,380,579,459,700,372,557,1329,738,545,562,531,757,985,1026,1355,1092,878,1122,921,1103,1074,551,1747,890,1054,1124,1033,1085,1059,1181,1240,900,1246,1088,1118,912,1030,1317,824,1138,1723,1102,1374,1167,1592,1476,1342,1640
734,734,1082,1289,994,1189,1141,1098,1086,1144,1164,409,1100,1080,1059,1116,391,1239,747,240,352,411,308,938,990,713,1008,926,661,774,134,207,256,549,0,182,42,651,678,528,46,781,562,651,66,210,728,447,674,1402,467,814,657,460,920,465,833,638,1790,1199,734,719,780,572,436,477,1816,543,555,573,536,554,525,976,1198,669,505,575,646,594,622,632,691,843,1707,701,673,907,795,768,1041,1599,2184,1563,825,762,1043,927,793,1091
668,662,902,1471,1176,1371,1323,1280,1268,1326,1346,591,1282,1262,1241,1298,573,1421,929,422,534,593,128,1120,1172,895,1190,1108,843,594,316,389,76,731,182,0,222,831,858,708,216,961,742,831,236,108,908,627,854,1582,647,994,837,640,1100,645,1013,818,1970,1379,914,899,960,752,596,555,1996,519,735,495,716,568,597,1156,1016,849,685,623,826,774,802,690,661,1023,1887,881,853,1087,975,726,1221,1779,2364,1743,735,942,861,745,827,909
776,776,1124,1249,954,1149,1101,1058,1046,1104,1124,369,1060,1040,1019,1076,351,1199,707,200,312,371,350,898,950,673,968,886,621,816,94,167,298,509,42,222,0,609,636,486,86,739,520,609,106,250,686,405,632,1360,425,772,615,418,878,423,791,596,1748,1157,692,677,738,530,476,517,1774,583,513,613,494,594,565,934,1238,627,545,615,604,576,580,672,731,801,1665,659,631,865,753,808,999,1557,2142,1521,865,720,1083,967,833,1131
1385,1385,1733,664,529,564,516,473,461,519,539,720,475,455,434,491,712,614,216,673,561,500,959,313,365,162,383,301,166,1425,665,574,907,190,651,831,609,0,27,175,671,130,149,70,691,835,77,380,155,751,490,163,456,655,269,776,434,633,1139,548,621,638,607,833,1061,1102,1165,1168,954,1198,997,1179,1150,627,1823,966,1130,1200,1109,1161,1135,1257,1316,976,1056,1164,1194,988,1106,1393,900,948,1533,912,1450,1243,1668,1552,1418,1716
1412,1412,1760,641,556,541,493,450,438,496,516,747,452,432,411,468,739,591,243,700,588,527,986,290,342,189,360,278,193,1452,692,601,934,217,678,858,636,27,0,198,694,103,172,93,714,858,62,403,178,724,513,182,479,678,292,799,457,656,1112,521,644,661,630,856,1084,1125,1138,1191,977,1221,1020,1202,1173,650,1846,989,1153,1223,1132,1184,1158,1280,1339,999,1029,1187,1217,1011,1129,1416,923,921,1506,885,1473,1266,1691,1575,1441,1739
1262,1262,1610,839,544,739,691,648,636,694,714,597,650,630,609,666,589,789,297,550,438,377,836,488,540,263,558,476,211,1302,542,451,784,99,528,708,486,175,198,0,496,253,34,123,516,660,200,205,146,874,315,286,281,480,392,601,305,458,1262,671,446,463,432,658,886,927,1288,993,779,1023,822,1004,975,452,1648,791,955,1025,934,986,960,1082,1141,801,1179,989,1019,813,931,1218,725,1071,1656,1035,1275,1068,1493,1377,1243,1541
770,770,1118,1335,1040,1235,1187,1144,1132,1190,1210,455,1146,1126,1105,1162,437,1285,793,286,398,457,344,984,1036,759,1054,972,707,810,180,253,292,595,46,216,86,671,694,496,0,745,526,615,20,164,692,411,638,1366,431,778,621,424,884,429,797,602,1754,1163,698,683,744,536,390,431,1780,497,519,527,500,508,479,940,1152,633,469,529,610,558,586,586,645,807,1671,665,637,871,759,722,1005,1563,2148,1527,779,726,997,881,747,1045
1515,1515,1863,594,659,494,446,403,391,449,469,850,405,385,364,421,842,544,346,803,691,630,1089,243,295,292,313,231,296,1555,795,704,1037,320,781,961,739,130,103,253,745,0,219,140,761,905,109,450,225,621,560,229,526,725,339,846,504,703,1009,418,691,708,677,903,1131,1172,1035,1238,1024,1268,1067,1249,1220,697,1893,1036,1200,1270,1179,1231,1205,1327,1386,1046,926,1234,1264,1058,1176,1463,970,818,1403,782,1520,1313,1738,1622,1488,1786
1296,1296,1644,813,518,713,665,622,610,668,688,631,624,604,583,640,623,763,271,584,472,411,870,462,514,237,532,450,185,1336,576,485,818,101,562,742,520,149,172,34,526,219,0,89,542,686,166,231,112,840,341,252,307,506,358,627,285,484,1228,637,472,489,458,684,912,953,1254,1019,805,1049,848,1030,1001,478,1674,817,981,1051,960,1012,986,1108,1167,827,1145,1015,1045,839,957,1244,751,1037,1622,1001,1301,1094,1519,1403,1269,1567
1385,1385,1733,734,529,634,586,543,531,589,609,720,545,525,504,561,712,684,216,673,561,500,959,383,435,162,453,371,166,1425,665,574,907,190,651,831,609,70,93,123,615,140,89,0,621,765,77,310,85,751,420,163,386,585,269,706,364,563,1139,548,551,568,537,763,991,1032,1165,1098,884,1128,927,1109,1080,557,1753,896,1060,1130,1039,1091,1065,1187,1246,906,1056,1094,1124,918,1036,1323,830,948,1533,912,1380,1173,1598,1482,1348,1646
790,790,1138,1355,1060,1255,1207,1164,1152,1210,1230,475,1166,1146,1125,1182,457,1305,813,306,418,477,364,1004,1056,779,1074,992,727,830,200,273,312,615,66,236,106,691,714,516,20,761,542,621,0,144,672,391,618,1346,411,758,601,404,864,409,777,582,1734,1143,678,663,724,516,370,411,1760,477,499,507,480,488,459,920,1132,613,449,509,590,538,566,566,625,787,1651,645,617,851,739,702,985,1543,2128,1507,759,706,977,861,727,1025
696,690,1010,1499,1204,1399,1351,1308,1296,1354,1374,619,1310,1290,1269,1326,601,1449,957,450,562,621,236,1148,1200,923,1218,1136,871,702,344,417,184,759,210,108,250,835,858,660,164,905,686,765,144,0,800,519,746,1474,539,886,729,532,992,537,905,710,1862,1271,806,791,852,644,488,447,1888,411,627,387,608,460,489,1048,988,741,577,515,718,666,694,582,553,915,1779,773,745,979,867,618,1113,1671,2256,1635,627,834,833,717,719,881
1462,1462,1810,703,606,603,555,512,500,558,578,797,514,494,473,530,789,653,293,750,638,577,1036,352,404,239,422,340,243,1502,742,651,984,267,728,908,686,77,62,200,692,109,166,77,672,800,0,341,116,674,451,120,417,616,230,737,395,594,1062,471,582,599,568,794,1022,1063,1088,1129,915,1159,958,1140,1111,588,1784,927,1091,1161,1070,1122,1096,1218,1277,937,979,1125,1155,949,1067,1354,861,871,1456,835,1411,1204,1629,1513,1379,1677
1181,1181,1529,1044,749,944,896,853,841,899,919,516,855,835,814,871,508,994,502,469,357,296,755,693,745,468,763,681,416,1221,461,370,703,304,447,627,405,380,403,205,411,450,231,310,391,519,341,0,227,955,110,367,210,275,473,396,386,253,1343,752,287,272,333,453,681,722,1369,788,574,818,617,799,770,529,1443,586,750,820,729,781,755,877,936,596,1260,784,814,608,726,1013,594,1152,1737,1116,1070,863,1288,1172,1038,1336
1408,1408,1756,819,552,719,671,628,616,674,694,743,630,610,589,646,735,769,277,696,584,523,982,468,520,243,538,456,191,1448,688,597,930,213,674,854,632,155,178,146,638,225,112,85,618,746,116,227,0,728,335,140,301,500,246,621,279,478,1116,525,466,483,452,678,906,947,1142,1013,799,1043,842,1024,995,472,1668,811,975,1045,954,1006,980,1102,1161,821,1033,1009,1039,833,951,1238,745,925,1510,889,1295,1088,1513,1397,1263,1561
2136,2136,2484,1077,1280,749,785,826,806,742,718,1471,778,798,819,760,1463,585,967,1424,1312,1251,1710,700,638,913,612,672,917,2176,1416,1325,1658,941,1402,1582,1360,751,724,874,1366,621,840,751,1346,1474,674,955,728,0,1015,684,981,1180,794,1301,959,1158,388,661,1146,1163,1132,1358,1586,1627,414,1693,1479,1723,1522,1704,1675,1152,2348,1491,1655,1725,1634,1686,1660,1782,1841,1501,665,1689,1719,1513,1631,1918,1425,887,782,945,1975,1768,2193,2077,1943,2241
1201,1201,1549,1154,859,1054,1006,963,951,1009,1029,536,965,945,924,981,528,1104,612,489,377,316,775,803,855,578,873,791,526,1241,481,390,723,414,467,647,425,490,513,315,431,560,341,420,411,539,451,110,335,1015,0,347,190,165,453,286,366,171,1323,732,267,252,313,343,571,612,1349,678,464,708,507,689,660,509,1333,476,640,710,619,671,645,767,826,486,1240,674,704,498,616,903,574,1132,1717,1096,960,753,1178,1062,928,1226
1548,1548,1896,823,692,723,675,632,620,678,698,883,634,614,593,650,875,773,379,836,724,663,1122,472,524,325,542,460,329,1588,828,737,1070,353,814,994,772,163,182,286,778,229,252,163,758,886,120,367,140,684,347,0,297,496,110,617,275,474,976,385,462,479,448,674,902,943,1002,1009,795,1039,838,1020,991,468,1664,807,971,1041,950,1002,976,1098,1157,817,893,1005,1035,829,947,1234,741,785,1370,749,1291,1084,1509,1393,1259,1557
1391,1391,1739,1120,825,1020,972,929,917,975,995,726,931,911,890,947,718,1070,578,679,567,506,965,769,821,544,839,757,492,1431,671,580,913,380,657,837,615,456,479,281,621,526,307,386,601,729,417,210,301,981,190,297,0,199,263,320,176,177,1133,542,165,182,151,377,605,646,1159,712,498,742,541,723,694,319,1367,510,674,744,653,705,679,801,860,520,1050,708,738,532,650,937,444,942,1527,906,994,787,1212,1096,962,1260
1194,1194,1542,1319,1024,1219,1171,1128,1116,1174,1194,529,1130,1110,1089,1146,521,1269,777,482,382,441,768,968,1020,743,1038,956,691,1234,474,383,716,579,460,640,418,655,678,480,424,725,506,585,404,532,616,275,500,1180,165,496,199,0,460,121,373,178,1330,739,274,259,320,178,406,447,1356,513,299,543,342,524,495,516,1168,311,475,545,454,506,480,602,661,383,1247,509,539,447,451,738,581,1139,1724,1103,795,588,1013,897,763,1061
1654,1654,2002,933,798,833,785,742,730,788,808,989,744,724,703,760,981,883,485,942,830,769,1228,582,634,431,652,570,435,1694,934,843,1176,459,920,1100,878,269,292,392,884,339,358,269,864,992,230,473,246,794,453,110,263,460,0,507,165,364,870,279,352,369,338,564,792,833,896,899,685,929,728,910,881,358,1554,697,861,931,840,892,866,988,1047,707,787,895,925,719,837,1124,631,679,1264,643,1181,974,1399,1283,1149,1447
1199,1199,1547,1440,1145,1340,1292,1249,1237,1295,1315,560,1251,1231,1210,1267,542,1390,898,487,503,562,773,1089,1141,864,1159,1077,812,1239,479,388,721,700,465,645,423,776,799,601,429,846,627,706,409,537,737,396,621,1301,286,617,320,121,507,0,368,173,1325,734,269,254,315,107,285,326,1351,392,178,422,221,403,374,511,1047,204,354,424,333,385,359,481,540,378,1242,388,418,442,330,617,576,1134,1719,1098,674,467,892,776,642,940
1567,1567,1915,1098,803,998,950,907,895,953,973,902,909,889,868,925,894,1048,556,855,743,682,1141,747,799,522,817,735,470,1607,847,756,1089,372,833,1013,791,434,457,305,797,504,285,364,777,905,395,386,279,959,366,275,176,373,165,368,0,199,957,366,187,204,173,399,627,668,983,734,520,764,563,745,716,193,1389,532,696,766,675,727,701,823,882,542,874,730,760,554,672,959,466,766,1351,730,1016,809,1234,1118,984,1282
1372,1372,1720,1297,1002,1197,1149,1106,1094,1152,1172,707,1108,1088,1067,1124,699,1247,755,660,548,487,946,946,998,721,1016,934,669,1412,652,561,894,557,638,818,596,633,656,458,602,703,484,563,582,710,594,253,478,1158,171,474,177,178,364,173,199,0,1152,561,96,81,142,200,428,469,1178,535,321,565,364,546,517,338,1190,333,497,567,476,528,502,624,683,343,1069,531,561,355,473,760,403,961,1546,925,817,610,1035,919,785,1083
2524,2524,2872,1465,1668,1137,1173,1214,1194,1130,1106,1859,1166,1186,1207,1148,1851,973,1355,1812,1700,1639,2098,1088,1026,1301,1000,1060,1305,2564,1804,1713,2046,1329,1790,1970,1748,1139,1112,1262,1754,1009,1228,1139,1734,1862,1062,1343,1116,388,1323,976,1133,1330,870,1325,957,1152,0,615,1100,1117,1086,1312,1540,1581,162,1647,1433,1677,1476,1658,1629,1106,2302,1445,1609,1679,1588,1640,1614,1736,1795,1455,619,1643,1673,1467,1585,1872,1379,841,394,899,1929,1722,2147,2031,1897,2195
1933,1933,2281,874,1077,700,652,623,603,655,675,1268,611,595,616,627,1260,750,764,1221,1109,1048,1507,497,501,710,519,469,714,1973,1213,1122,1455,738,1199,1379,1157,548,521,671,1163,418,637,548,1143,1271,471,752,525,661,732,385,542,739,279,734,366,561,615,0,485,502,471,697,925,966,617,1032,818,1062,861,1043,1014,491,1687,830,994,1064,973,1025,999,1121,1180,840,508,1028,1058,852,970,1257,764,400,985,364,1314,1107,1532,1416,1282,1580
1468,1468,1816,1285,990,1185,1137,1094,1082,1140,1160,803,1096,1076,1055,1112,795,1235,743,756,644,583,1042,934,986,709,1004,922,657,1508,748,657,990,545,734,914,692,621,644,446,698,691,472,551,678,806,582,287,466,1146,267,462,165,274,352,269,187,96,1100,485,0,17,46,212,440,481,1082,547,333,577,376,558,529,242,1202,345,509,579,488,540,514,636,695,355,973,543,573,367,485,772,307,865,1450,829,829,622,1047,931,797,1095
1453,1453,1801,1302,1007,1202,1154,1111,1099,1157,1177,788,1113,1093,1072,1129,780,1252,760,741,629,568,1027,951,1003,726,1021,939,674,1493,733,642,975,562,719,899,677,638,661,463,683,708,489,568,663,791,599,272,483,1163,252,479,182,259,369,254,204,81,1117,502,17,0,61,195,423,464,1097,530,316,560,359,541,512,257,1185,328,492,562,471,523,497,619,678,338,988,526,556,350,468,755,322,880,1465,844,812,605,1030,914,780,1078
1514,1514,1862,1271,976,1171,1123,1080,1068,1126,1146,849,1082,1062,1041,1098,841,1221,729,802,690,629,1088,920,972,695,990,908,643,1554,794,703,1036,531,780,960,738,607,630,432,744,677,458,537,724,852,568,333,452,1132,313,448,151,320,338,315,173,142,1086,471,46,61,0,226,454,495,1036,561,347,591,390,572,543,196,1216,359,523,593,502,554,528,650,709,369,927,557,587,381,499,786,293,819,1404,783,843,636,1061,945,811,1109
1306,1306,1654,1497,1202,1397,1349,1306,1294,1352,1372,641,1308,1288,1267,1324,633,1447,955,594,560,619,880,1146,1198,921,1216,1134,869,1346,586,495,828,757,572,752,530,833,856,658,536,903,684,763,516,644,794,453,678,1358,343,674,377,178,564,107,399,200,1312,697,212,195,226,0,228,269,1244,335,121,365,164,346,317,404,990,133,297,367,276,328,302,424,483,271,1135,331,361,335,273,560,469,1027,1612,991,617,410,835,719,585,883
1150,1150,1498,1725,1430,1625,1577,1534,1522,1580,1600,845,1536,1516,1495,1552,827,1675,1183,676,788,847,724,1374,1426,1149,1444,1362,1097,1190,570,643,672,985,436,596,476,1061,1084,886,390,1131,912,991,370,488,1022,681,906,1586,571,902,605,406,792,285,627,428,1540,925,440,423,454,228,0,41,1400,107,139,137,120,118,89,560,762,253,89,139,230,178,206,196,255,427,1291,285,257,491,379,332,625,1183,1768,1147,389,346,607,491,357,655
1109,1109,1457,1766,1471,1666,1618,1575,1563,1621,1641,886,1577,1557,1536,1593,868,1716,1224,717,829,888,683,1415,1467,1190,1485,1403,1138,1149,611,684,631,1026,477,555,517,1102,1125,927,431,1172,953,1032,411,447,1063,722,947,1627,612,943,646,447,833,326,668,469,1581,966,481,464,495,269,41,0,1441,66,180,96,161,77,48,601,721,294,130,98,271,219,247,155,214,468,1332,326,298,532,420,291,666,1224,1809,1188,348,387,566,450,316,614
2550,2550,2898,1491,1694,1163,1199,1240,1220,1156,1132,1885,1192,1212,1233,1174,1877,999,1381,1838,1726,1665,2124,1114,1052,1327,1026,1086,1331,2590,1830,1739,2072,1355,1816,1996,1774,1165,1138,1288,1780,1035,1254,1165,1760,1888,1088,1369,1142,414,1349,1002,1159,1356,896,1351,983,1178,162,617,1082,1097,1036,1244,1400,1441,0,1485,1271,1515,1314,1496,1467,944,2140,1283,1447,1517,1426,1478,1452,1574,1633,1293,457,1481,1511,1305,1423,1710,1217,679,368,737,1767,1560,1985,1869,1735,2033
1073,1073,1421,1832,1537,1732,1684,1641,1629,1687,1707,952,1643,1623,1602,1659,934,1782,1290,783,895,954,647,1481,1533,1256,1551,1469,1204,1113,677,750,595,1092,543,519,583,1168,1191,993,497,1238,1019,1098,477,411,1129,788,1013,1693,678,1009,712,513,899,392,734,535,1647,1032,547,530,561,335,107,66,1485,0,216,30,197,49,78,637,655,330,166,104,307,255,283,171,148,504,1368,362,334,568,456,225,702,1260,1845,1224,282,423,500,384,308,548
1289,1289,1637,1618,1323,1518,1470,1427,1415,1473,1493,738,1429,1409,1388,1445,720,1568,1076,577,681,740,863,1267,1319,1042,1337,1255,990,1329,569,536,811,878,555,735,513,954,977,779,519,1024,805,884,499,627,915,574,799,1479,464,795,498,299,685,178,520,321,1433,818,333,316,347,121,139,180,1271,216,0,244,43,225,196,421,869,114,176,246,155,207,181,303,362,288,1152,210,240,352,240,439,486,1044,1629,1008,496,289,714,598,464,762
1059,1053,1397,1862,1567,1762,1714,1671,1659,1717,1737,982,1673,1653,1632,1689,964,1812,1320,813,925,984,623,1511,1563,1286,1581,1499,1234,1089,707,780,571,1122,573,495,613,1198,1221,1023,527,1268,1049,1128,507,387,1159,818,1043,1723,708,1039,742,543,929,422,764,565,1677,1062,577,560,591,365,137,96,1515,30,244,0,221,73,102,661,625,354,190,128,331,279,307,195,166,528,1392,386,358,592,480,231,726,1284,1869,1248,252,447,470,354,332,518
1270,1270,1618,1661,1366,1561,1513,1470,1458,1516,1536,781,1472,1452,1431,1488,763,1611,1119,612,724,783,844,1310,1362,1085,1380,1298,1033,1310,550,579,792,921,536,716,494,997,1020,822,500,1067,848,927,480,608,958,617,842,1522,507,838,541,342,728,221,563,364,1476,861,376,359,390,164,120,161,1314,197,43,221,0,182,153,440,826,133,133,203,112,164,138,260,319,307,1171,167,197,371,259,396,505,1063,1648,1027,453,246,671,555,421,719
1122,1122,1470,1843,1548,1743,1695,1652,1640,1698,1718,963,1654,1634,1613,1670,945,1793,1301,794,906,965,696,1492,1544,1267,1562,1480,1215,1162,688,761,644,1103,554,568,594,1179,1202,1004,508,1249,1030,1109,488,460,1140,799,1024,1704,689,1020,723,524,910,403,745,546,1658,1043,558,541,572,346,118,77,1496,49,225,73,182,0,29,588,644,281,117,55,258,206,234,122,137,455,1319,313,285,519,407,214,653,1211,1796,1175,271,374,489,373,259,537
1151,1151,1499,1814,1519,1714,1666,1623,1611,1669,1689,934,1625,1605,1584,1641,916,1764,1272,765,877,936,725,1463,1515,1238,1533,1451,1186,1191,659,732,673,1074,525,597,565,1150,1173,975,479,1220,1001,1080,459,489,1111,770,995,1675,660,991,694,495,881,374,716,517,1629,1014,529,512,543,317,89,48,1467,78,196,102,153,29,0,559,673,252,88,50,229,177,205,107,166,426,1290,284,256,490,378,243,624,1182,1767,1146,300,345,518,402,268,566
1710,1710,2058,1291,996,1191,1143,1100,1088,1146,1166,1045,1102,1082,1061,1118,1037,1241,749,998,886,825,1284,940,992,715,1010,928,663,1750,990,899,1232,551,976,1156,934,627,650,452,940,697,478,557,920,1048,588,529,472,1152,509,468,319,516,358,511,193,338,1106,491,242,257,196,404,560,601,944,637,421,661,440,588,559,0,1196,339,503,573,482,534,508,630,689,349,731,537,567,361,479,766,273,623,1208,587,823,616,1041,925,791,1089
1684,1678,1240,2487,2192,2387,2339,2296,2284,2342,2362,1607,2298,2278,2257,2314,1589,2437,1945,1438,1550,1609,1132,2136,2188,1911,2206,2124,1859,588,1332,1405,1042,1747,1198,1016,1238,1823,1846,1648,1152,1893,1674,1753,1132,988,1784,1443,1668,2348,1333,1664,1367,1168,1554,1047,1389,1190,2302,1687,1202,1185,1216,990,762,721,2140,655,869,625,826,644,673,1196,0,863,699,637,840,788,816,704,675,1037,1901,895,867,1101,989,740,1235,1793,2378,1757,749,956,531,647,841,597
1403,1403,1751,1630,1335,1530,1482,1439,1427,1485,1505,750,1441,1421,1400,1457,732,1580,1088,691,693,752,977,1279,1331,1054,1349,1267,1002,1443,683,592,925,890,669,849,627,966,989,791,633,1036,817,896,613,741,927,586,811,1491,476,807,510,311,697,204,532,333,1445,830,345,328,359,133,253,294,1283,330,114,354,133,281,252,339,863,0,164,234,143,195,169,291,350,174,1038,198,228,238,140,427,372,930,1515,894,484,277,702,586,452,750
1239,1239,1587,1794,1499,1694,1646,1603,1591,1649,1669,914,1605,1585,1564,1621,896,1744,1252,745,857,916,813,1443,1495,1218,1513,1431,1166,1279,639,712,761,1054,505,685,545,1130,1153,955,469,1200,981,1060,449,577,1091,750,975,1655,640,971,674,475,861,354,696,497,1609,994,509,492,523,297,89,130,1447,166,176,190,133,117,88,503,699,164,0,70,141,89,117,127,186,338,1202,196,168,402,290,263,536,1094,1679,1058,320,257,538,422,288,586
1177,1177,1525,1864,1569,1764,1716,1673,1661,1719,1739,984,1675,1655,1634,1691,966,1814,1322,815,927,986,751,1513,1565,1288,1583,1501,1236,1217,709,782,699,1124,575,623,615,1200,1223,1025,529,1270,1051,1130,509,515,1161,820,1045,1725,710,1041,744,545,931,424,766,567,1679,1064,579,562,593,367,139,98,1517,104,246,128,203,55,50,573,637,234,70,0,203,151,179,67,116,400,1264,258,230,464,352,193,598,1156,1741,1120,250,319,468,352,218,516
1380,1380,1728,1773,1478,1673,1625,1582,1570,1628,1648,893,1584,1564,1543,1600,875,1723,1231,724,836,895,954,1422,1474,1197,1492,1410,1145,1420,660,691,902,1033,646,826,604,1109,1132,934,610,1179,960,1039,590,718,1070,729,954,1634,619,950,653,454,840,333,675,476,1588,973,488,471,502,276,230,271,1426,307,155,331,112,258,229,482,840,143,141,203,0,52,26,148,207,197,1061,55,85,261,149,284,395,953,1538,917,341,134,559,443,309,607
1328,1328,1676,1825,1530,1725,1677,1634,1622,1680,1700,945,1636,1616,1595,1652,927,1775,1283,776,888,947,902,1474,1526,1249,1544,1462,1197,1368,670,743,850,1085,594,774,576,1161,1184,986,558,1231,1012,1091,538,666,1122,781,1006,1686,671,1002,705,506,892,385,727,528,1640,1025,540,523,554,328,178,219,1478,255,207,279,164,206,177,534,788,195,89,151,52,0,28,96,155,249,1113,107,79,313,201,232,447,1005,1590,969,289,168,507,391,257,555
1356,1356,1704,1799,1504,1699,1651,1608,1596,1654,1674,919,1610,1590,1569,1626,901,1749,1257,750,862,921,930,1448,1500,1223,1518,1436,1171,1396,644,717,878,1059,622,802,580,1135,1158,960,586,1205,986,1065,566,694,1096,755,980,1660,645,976,679,480,866,359,701,502,1614,999,514,497,528,302,206,247,1452,283,181,307,138,234,205,508,816,169,117,179,26,28,0,122,181,221,1085,79,59,285,173,258,419,977,1562,941,315,140,533,417,283,581
1244,1244,1592,1921,1626,1821,1773,1730,1718,1776,1796,1041,1732,1712,1691,1748,1023,1871,1379,872,984,1043,818,1570,1622,1345,1640,1558,1293,1284,766,839,766,1181,632,690,672,1257,1280,1082,586,1327,1108,1187,566,582,1218,877,1102,1782,767,1098,801,602,988,481,823,624,1736,1121,636,619,650,424,196,155,1574,171,303,195,260,122,107,630,704,291,127,67,148,96,122,0,59,333,1197,191,163,397,285,136,531,1089,1674,1053,193,252,411,295,161,459
1215,1215,1563,1980,1685,1880,1832,1789,1777,1835,1855,1100,1791,1771,1750,1807,1082,1930,1438,931,1043,1102,789,1629,1681,1404,1699,1617,1352,1255,825,898,737,1240,691,661,731,1316,1339,1141,645,1386,1167,1246,625,553,1277,936,1161,1841,826,1157,860,661,1047,540,882,683,1795,1180,695,678,709,483,255,214,1633,148,362,166,319,137,166,689,675,350,186,116,207,155,181,59,0,362,1226,220,192,426,314,77,560,1118,1703,1082,134,281,352,236,166,400
1577,1577,1925,1640,1345,1540,1492,1449,1437,1495,1515,912,1451,1431,1410,1467,904,1590,1098,865,753,762,1151,1289,1341,1064,1359,1277,1012,1617,857,766,1099,900,843,1023,801,976,999,801,807,1046,827,906,787,915,937,596,821,1501,486,817,520,383,707,378,542,343,1455,840,355,338,369,271,427,468,1293,504,288,528,307,455,426,349,1037,174,338,400,197,249,221,333,362,0,864,188,218,64,130,417,198,756,1341,720,474,267,692,576,442,740
2441,2441,2789,1382,1585,1054,1090,1131,1111,1047,1023,1776,1083,1103,1124,1065,1768,890,1272,1729,1617,1556,2015,1005,943,1218,917,977,1222,2481,1721,1630,1963,1246,1707,1887,1665,1056,1029,1179,1671,926,1145,1056,1651,1779,979,1260,1033,665,1240,893,1050,1247,787,1242,874,1069,619,508,973,988,927,1135,1291,1332,457,1368,1152,1392,1171,1319,1290,731,1901,1038,1202,1264,1061,1113,1085,1197,1226,864,0,1024,1054,848,966,1253,760,222,477,280,1310,1103,1528,1412,1278,1576
1435,1435,1783,1828,1533,1728,1680,1637,1625,1683,1703,948,1639,1619,1598,1655,930,1778,1286,779,891,950,1009,1477,1529,1252,1547,1465,1200,1475,715,746,957,1088,701,881,659,1164,1187,989,665,1234,1015,1094,645,773,1125,784,1009,1689,674,1005,708,509,895,388,730,531,1643,1028,543,526,557,331,285,326,1481,362,210,386,167,313,284,537,895,198,196,258,55,107,79,191,220,188,1024,0,30,206,94,229,340,898,1483,862,286,79,504,388,254,552
1407,1407,1755,1858,1563,1758,1710,1667,1655,1713,1733,978,1669,1649,1628,1685,960,1808,1316,809,921,980,981,1507,1559,1282,1577,1495,1230,1447,703,776,929,1118,673,853,631,1194,1217,1019,637,1264,1045,1124,617,745,1155,814,1039,1719,704,1035,738,539,925,418,760,561,1673,1058,573,556,587,361,257,298,1511,334,240,358,197,285,256,567,867,228,168,230,85,79,59,163,192,218,1054,30,0,234,122,199,368,926,1511,890,256,89,474,358,224,522
1641,1641,1989,1652,1357,1552,1504,1461,1449,1507,1527,976,1463,1443,1422,1479,968,1602,1110,929,817,774,1215,1301,1353,1076,1371,1289,1024,1681,921,830,1163,912,907,1087,865,988,1011,813,871,1058,839,918,851,979,949,608,833,1513,498,829,532,447,719,442,554,355,1467,852,367,350,381,335,491,532,1305,568,352,592,371,519,490,361,1101,238,402,464,261,313,285,397,426,64,848,206,234,0,118,405,134,692,1277,656,462,255,680,564,430,728
1529,1529,1877,1770,1475,1670,1622,1579,1567,1625,1645,890,1581,1561,1540,1597,872,1720,1228,817,833,892,1103,1419,1471,1194,1489,1407,1142,1569,809,718,1051,1030,795,975,753,1106,1129,931,759,1176,957,1036,739,867,1067,726,951,1631,616,947,650,451,837,330,672,473,1585,970,485,468,499,273,379,420,1423,456,240,480,259,407,378,479,989,140,290,352,149,201,173,285,314,130,966,94,122,118,0,287,246,804,1389,768,344,137,562,446,312,610
