0,5,7,6,5,5,4,7,7,6,18,4,1,8,3,2,15,25,55,14,40,22,10,3,66,5,8,10,9,7,16,5,28,5,4,2,3,33,6,34,19,6,15,4,32,6,7,9,4,7,2,3,4,8,11,5,7,11,13,9,11,40,5,11,19,11,4,8,8,11,1,8,10,5,10,8,10,3,22,1,17,8,33,18,2,11,9,24,9,20,7,7,9,38,16,6,16,1,7,13,30,11,4,19,19,27,17,13,11,24,11,17,11,10,9,5,18,17,23,24,5,5,24,4,1,8,31,9,5,13,5,17,11,1,6,15,6,17,7,26,26,16,6,25,10,12,12,28,17,11,25,28,16,11,46,9,5,1,17,13,35,1,12,6,10,19,2,14,9,24,14,9,16,15,6,6,7,40,21,13,15,23,31,10,9,5,20,8,2,16,16,5,18,31,17,27,12,15,9,11
0,0,1,1,0,0,0,1,1,1,10,1,0,8,0,0,0,0,0,1,0,0,0,0,0,0,0,3,0,0,1,2,1,1,0,0,0,0,0,0,0,1,0,0,0,1,0,0,0,0,1,1,0,0,5,1,0,0,0,0,0,1,1,0,0,1,0,0,0,0,0,0,1,0,0,1,0,1,0,0,1,0,24,0,0,0,1,0,0,0,1,0,0,0,1,0,0,1,0,0,11,0,0,1,1,1,0,1,0,1,0,0,1,0,0,1,1,1,0,1,1,0,1,0,0,0,0,0,0,0,3,0,0,0,0,0,0,0,5,1,14,0,0,1,0,10,0,8,0,0,10,0,0,0,0,1,0,0,0,1,0,0,1,6,1,0,2,0,0,0,0,0,0,0,1,0,7,0,0,0,0,1,0,0,0,1,18,0,0,0,1,5,0,0,0,0,0,1,0,0
0,1,0,0,1,1,1,0,0,0,0,0,1,0,1,1,1,1,1,0,1,1,1,1,1,1,1,0,1,1,0,0,0,0,1,1,1,1,1,1,1,0,10,1,21,0,1,1,1,1,0,0,1,1,0,0,1,1,3,1,1,0,0,1,1,0,1,1,1,1,1,1,0,1,1,0,1,0,1,1,0,1,0,1,1,1,0,1,1,1,0,1,1,3,0,1,1,0,1,1,0,1,1,0,0,0,1,0,1,0,1,1,0,1,1,0,0,0,1,0,0,1,0,1,1,1,1,1,2,6,0,1,1,1,1,7,1,1,0,0,0,1,1,0,1,0,1,0,1,1,0,1,1,1,1,0,1,1,11,0,1,1,0,0,0,1,0,1,1,1,1,1,1,1,0,1,0,1,1,1,1,0,1,3,9,0,0,1,1,1,0,0,1,1,1,1,1,0,1,4
0,-1,1,1,-1,-1,-1,1,1,1,10,1,-1,8,-1,-1,-1,-1,-1,1,-1,-1,-1,-1,-1,-1,-1,3,-1,-1,1,2,1,1,-1,-1,-1,-1,-1,-1,-1,1,-10,-1,-21,1,-1,-1,-1,-1,1,1,-1,-1,5,1,-1,-1,-3,-1,-1,1,1,-1,-1,1,-1,-1,-1,-1,-1,-1,1,-1,-1,1,-1,1,-1,-1,1,-1,24,-1,-1,-1,1,-1,-1,-1,1,-1,-1,-3,1,-1,-1,1,-1,-1,11,-1,-1,1,1,1,-1,1,-1,1,-1,-1,1,-1,-1,1,1,1,-1,1,1,-1,1,-1,-1,-1,-1,-1,-2,-6,3,-1,-1,-1,-1,-7,-1,-1,5,1,14,-1,-1,1,-1,10,-1,8,-1,-1,10,-1,-1,-1,-1,1,-1,-1,-11,1,-1,-1,1,6,1,-1,2,-1,-1,-1,-1,-1,-1,-1,1,-1,7,-1,-1,-1,-1,1,-1,-3,-9,1,18,-1,-1,-1,1,5,-1,-1,-1,-1,-1,1,-1,-4
0,444,1368,1350,1278,1302,1310,1404,1330,1418,477,1139,1358,1317,1136,673,1436,714,712,885,552,1498,1219,720,642,1385,1272,1262,770,1320,1515,1385,790,1462,1408,2136,888,1365,1194,1199,1167,1514,1259,1306,1109,1073,1289,1059,1270,1122,1151,1684,1264,1403,1380,1356,1210,1630,1601,1435,1641,1529,1280,1316,1523,1311,2813,1365,1381,1517,2171,1639,1586,1512,2260,2786,3827,1951,723,2314,979,3434,2414,894,534,3008,1588,2343,423,906,1277,1891,2143,2577,1726,1054,2008,398,1978,3016,1951,2214,664,1484,3114,1131,1695,1691,2182,625,2763,2567,2740,2714,714,1860,1566,2363,1197,1832,2578,264,1673,1696,1916,1858,796,2789,1341,1340,2156,1104,2273,1933,632,1041,3099,2335,950,1516,2552,244,2025,2087,1072,509,2564,1240,872,2389,543,1451,2086,522,464,2005,1781,2087,1686,2942,3166,998,1710,1849,2558,457,1584,947,3615,2399,618,2648,2977,1727,3057,653,2043,1437,2165,1735,327,2180,1560,1524,3393,1007,970,954,487,2046,3246,2296,1837,2305,1242,2570,2361,1234,2021,972
444,0,1716,1698,1626,1650,1658,1752,1678,1766,825,1487,1706,1665,1484,1021,1784,1062,1060,1233,774,1846,1567,1068,826,1733,1620,1610,1118,1668,1863,1733,1138,1810,1756,2484,988,1713,1542,1547,1515,1862,1607,1654,1457,1421,1637,1397,1618,1470,1499,1240,1612,1751,1728,1704,1542,1978,1949,1783,1989,1877,1628,1664,1871,1637,3161,1639,1729,1865,2519,1473,1528,1620,2704,2342,4175,1507,1167,1870,631,3782,2762,450,482,3356,1144,2691,771,1350,833,2239,1699,2925,2170,706,1638,394,2326,3364,1507,2562,316,1928,3462,1575,2043,1247,1738,277,3111,2123,3088,3062,1062,2208,1914,2807,753,2180,2926,596,1229,1252,2264,1414,352,3137,897,896,2504,1122,2621,2377,468,763,3447,2683,1298,1860,2900,590,2373,1643,628,857,2912,796,428,2737,987,1007,1642,206,224,2353,2129,2435,2034,3290,3514,1346,1266,1405,2906,587,2028,1391,3963,2747,966,2996,3325,2075,3405,1097,2391,1785,2513,2083,147,2528,1116,1872,3741,1355,1240,510,835,2394,3594,2644,2281,1861,798,2918,2709,1582,1577,1320
1368,1716,0,18,112,94,110,36,122,50,985,325,108,149,338,817,168,964,968,797,1274,218,547,1074,1364,583,708,758,1254,708,513,653,1274,622,738,768,1610,1065,1238,1359,1393,1190,1455,1416,1685,1751,1537,1781,1580,1762,1733,2406,1686,1549,1692,1718,1932,1544,1581,1747,1571,1689,1976,1962,1799,2033,1445,2087,2001,1869,1313,2361,2308,2234,1538,3508,2459,2673,1213,3036,2347,2066,1046,2026,1902,1640,2310,1111,945,800,1999,523,2865,1455,1004,2422,2730,1322,1144,1648,2673,846,2032,762,1746,409,603,2413,2904,1993,1395,3289,1372,1346,654,2012,332,1641,2017,464,1210,1632,2395,2418,1722,2580,1774,1421,2063,2062,940,1826,1359,1211,1354,1763,1731,967,566,2238,1184,1126,1497,2809,1794,859,1196,2372,1594,1341,1335,2173,2808,1510,1832,637,1017,719,806,1574,1798,1120,2432,2571,1216,1179,862,441,2247,1031,750,1280,1609,1751,1689,987,873,193,1149,407,1569,812,2282,670,2025,1297,1692,1850,881,678,1878,928,1115,3027,1964,1202,993,134,2743,952
1350,1698,18,0,94,76,92,54,104,68,967,307,90,131,320,799,150,946,950,779,1256,200,529,1056,1346,565,690,740,1236,690,495,635,1256,604,720,786,1592,1047,1220,1341,1375,1172,1437,1398,1667,1733,1519,1763,1562,1744,1715,2388,1668,1531,1674,1700,1914,1526,1563,1729,1553,1671,1958,1944,1781,2015,1463,2069,1983,1851,1295,2343,2290,2216,1556,3490,2477,2655,1195,3018,2329,2084,1064,2008,1884,1658,2292,1129,927,782,1981,541,2847,1437,1022,2404,2712,1304,1162,1666,2655,864,2014,780,1764,427,621,2395,2886,1975,1413,3271,1390,1364,636,1994,350,1659,1999,482,1228,1614,2377,2400,1704,2562,1756,1439,2045,2044,958,1808,1377,1229,1336,1745,1749,985,548,2220,1202,1108,1479,2791,1776,841,1214,2354,1576,1323,1317,2155,2790,1492,1814,655,999,737,824,1592,1816,1102,2414,2553,1208,1161,880,423,2265,1049,732,1298,1627,1733,1707,969,855,211,1167,425,1551,830,2264,688,2043,1279,1674,1832,863,696,1896,946,1133,3009,1946,1220,1011,146,2725,934
1278,1626,112,94,0,24,32,126,52,140,873,213,80,39,226,705,158,852,856,685,1162,220,435,962,1252,471,596,646,1142,596,401,541,1162,510,626,858,1498,953,1126,1247,1281,1078,1343,1304,1573,1639,1425,1669,1468,1650,1621,2294,1574,1437,1580,1606,1820,1432,1469,1635,1459,1577,1864,1850,1687,1921,1535,1975,1889,1757,1201,2249,2196,2122,1650,3396,2549,2561,1123,2924,2257,2156,1136,1936,1812,1730,2198,1223,855,710,1887,613,2753,1343,1116,2332,2618,1232,1256,1738,2561,936,1942,874,1836,521,715,2301,2792,1903,1485,3177,1462,1436,564,1900,444,1753,1927,554,1300,1542,2283,2306,1610,2468,1684,1511,1951,1950,1052,1714,1471,1323,1242,1651,1821,1057,454,2126,1274,1036,1385,2697,1682,769,1286,2282,1482,1229,1245,2061,2696,1420,1742,727,905,809,918,1664,1888,1008,2320,2459,1280,1067,974,351,2337,1121,660,1370,1699,1639,1779,897,765,305,1261,519,1479,902,2170,782,2115,1185,1580,1760,791,768,1968,1018,1227,2915,1852,1292,1083,240,2631,840
1302,1650,94,76,24,0,16,102,28,116,891,231,56,55,244,723,134,870,874,703,1180,196,453,980,1270,489,614,664,1160,614,419,559,1180,528,644,834,1516,971,1144,1265,1299,1096,1361,1322,1591,1657,1443,1687,1486,1668,1639,2312,1592,1455,1598,1624,1838,1450,1487,1653,1477,1595,1882,1868,1705,1939,1511,1993,1907,1775,1219,2267,2214,2140,1632,3414,2525,2579,1147,2942,2281,2132,1112,1960,1836,1706,2216,1205,879,734,1905,589,2771,1361,1098,2356,2636,1256,1238,1714,2579,912,1966,856,1812,503,697,2319,2810,1927,1461,3195,1438,1412,588,1918,426,1735,1951,530,1276,1566,2301,2324,1628,2486,1708,1487,1969,1968,1034,1732,1453,1305,1260,1669,1797,1033,472,2144,1250,1060,1403,2715,1700,793,1262,2306,1500,1247,1269,2079,2714,1444,1766,703,923,785,900,1640,1864,1026,2338,2477,1256,1085,956,375,2313,1097,684,1346,1675,1657,1755,921,779,287,1243,501,1503,878,2188,764,2091,1203,1598,1784,815,744,1944,994,1209,2933,1870,1268,1059,222,2649,858
1310,1658,110,92,32,16,0,94,20,108,875,215,48,39,228,707,126,854,858,687,1164,188,437,964,1254,473,598,648,1144,598,403,543,1164,512,628,826,1500,955,1128,1249,1283,1080,1345,1306,1575,1641,1427,1671,1470,1652,1623,2296,1576,1439,1582,1608,1822,1434,1471,1637,1461,1579,1866,1852,1689,1923,1503,1977,1891,1759,1203,2251,2198,2124,1648,3398,2517,2563,1155,2926,2289,2124,1104,1968,1844,1698,2200,1221,887,742,1889,581,2755,1345,1114,2364,2620,1264,1254,1706,2563,904,1974,872,1804,519,713,2303,2794,1935,1453,3179,1430,1404,596,1902,442,1751,1959,522,1268,1574,2285,2308,1612,2470,1716,1479,1953,1952,1050,1716,1469,1321,1244,1653,1789,1025,456,2128,1242,1068,1387,2699,1684,801,1254,2314,1484,1231,1277,2063,2698,1452,1774,695,907,777,916,1632,1856,1010,2322,2461,1248,1071,972,383,2305,1089,692,1338,1667,1641,1747,929,763,303,1259,517,1511,870,2172,780,2083,1187,1582,1792,823,736,1936,986,1225,2917,1854,1260,1051,238,2633,842
1404,1752,36,54,126,102,94,0,88,14,951,291,74,115,304,783,134,930,934,763,1240,184,513,1040,1330,549,674,724,1220,674,479,619,1240,588,704,732,1576,1031,1204,1325,1359,1156,1421,1382,1651,1717,1503,1747,1546,1728,1699,2372,1652,1515,1658,1684,1898,1510,1547,1713,1537,1655,1942,1928,1765,1999,1409,2053,1967,1835,1279,2327,2274,2200,1572,3474,2423,2639,1249,3002,2383,2030,1010,2062,1938,1604,2276,1145,981,836,1965,487,2831,1421,1038,2458,2696,1358,1178,1612,2639,810,2068,796,1710,443,637,2379,2870,2029,1359,3255,1336,1310,690,1978,366,1675,2053,428,1174,1668,2361,2384,1688,2546,1810,1385,2029,2028,974,1792,1393,1245,1320,1729,1695,931,532,2204,1148,1162,1463,2775,1760,895,1160,2408,1560,1307,1371,2139,2774,1546,1868,601,983,683,840,1538,1762,1086,2398,2537,1182,1165,896,477,2211,995,786,1244,1573,1717,1653,1023,839,227,1183,441,1605,776,2248,704,1989,1263,1658,1886,917,642,1842,892,1149,2993,1930,1166,957,170,2709,918
1330,1678,122,104,52,28,20,88,0,88,863,203,28,27,216,695,106,842,846,675,1152,168,425,952,1242,461,586,636,1132,586,391,531,1152,500,616,806,1488,943,1116,1237,1271,1068,1333,1294,1563,1629,1415,1659,1458,1640,1611,2284,1564,1427,1570,1596,1810,1422,1459,1625,1449,1567,1854,1840,1677,1911,1483,1965,1879,1747,1191,2239,2186,2112,1660,3386,2497,2551,1175,2914,2309,2104,1084,1988,1864,1678,2188,1233,907,762,1877,561,2743,1333,1126,2384,2608,1284,1266,1686,2551,884,1994,884,1784,531,725,2291,2782,1955,1433,3167,1410,1384,616,1890,454,1763,1979,502,1248,1594,2273,2296,1600,2458,1736,1459,1941,1940,1062,1704,1481,1333,1232,1641,1769,1005,444,2116,1222,1088,1375,2687,1672,821,1234,2334,1472,1219,1297,2051,2686,1472,1794,675,895,757,928,1612,1836,998,2310,2449,1228,1091,984,403,2285,1069,712,1318,1647,1629,1727,949,751,315,1271,529,1531,862,2160,792,2063,1175,1570,1812,843,716,1916,966,1237,2905,1842,1240,1031,250,2621,830
1418,1766,50,68,140,116,108,14,88,0,941,281,64,105,294,773,124,920,924,753,1230,174,503,1030,1320,539,664,714,1210,664,469,609,1230,578,694,718,1566,1021,1194,1315,1349,1146,1411,1372,1641,1707,1493,1737,1536,1718,1689,2362,1642,1505,1648,1674,1888,1500,1537,1703,1527,1645,1932,1918,1755,1989,1395,2043,1957,1825,1269,2317,2264,2190,1582,3464,2409,2629,1263,2992,2397,2016,996,2076,1952,1590,2266,1155,995,850,1955,473,2821,1411,1048,2472,2686,1372,1188,1598,2629,796,2082,806,1696,453,647,2369,2860,2043,1345,3245,1322,1296,704,1968,376,1685,2067,414,1160,1682,2351,2374,1678,2536,1824,1371,2019,2018,984,1782,1403,1255,1310,1719,1681,917,522,2194,1134,1176,1453,2765,1750,909,1146,2422,1550,1297,1385,2129,2764,1560,1882,587,973,669,850,1524,1748,1076,2388,2527,1172,1179,906,491,2197,981,800,1230,1559,1707,1639,1037,829,237,1193,451,1619,784,2238,714,1975,1253,1648,1900,931,628,1828,878,1159,2983,1920,1152,943,184,2699,908
477,825,985,967,873,891,875,951,863,941,0,662,881,840,659,196,959,237,235,408,289,1021,742,243,379,908,795,785,293,843,1038,908,313,985,931,1659,625,888,717,722,690,1037,782,829,700,766,812,796,793,777,748,1421,787,926,903,879,947,1153,1124,958,1164,1052,991,977,1046,1048,2336,1102,1016,1040,1694,1376,1323,1249,2523,2523,3350,1688,986,2051,1456,2957,1937,1135,1011,2531,1325,2096,574,1169,1014,1414,1880,2100,1989,1531,1745,431,2129,2539,1688,1737,1141,1747,2637,1394,1588,1428,1919,1102,2286,2304,2263,2237,491,1383,1317,2626,1126,1355,2101,741,1410,1433,1439,1595,883,2312,1078,1077,1925,841,2344,2196,369,778,2622,1858,473,1253,2075,235,1548,1824,809,358,2087,1481,609,1912,806,1188,1823,619,941,1528,1304,1610,1791,2465,2689,521,1447,1586,2081,238,1847,1210,3138,1922,657,2171,2500,1250,2580,916,1566,1178,2134,1392,678,1725,1297,1655,2916,530,707,959,180,1569,2769,1819,2100,2042,979,2093,1884,1113,1758,495
1139,1487,325,307,213,231,215,291,203,281,662,0,219,178,13,492,297,639,643,472,949,359,222,749,1039,258,383,433,929,383,376,328,949,323,413,997,1285,740,913,1034,1068,865,1130,1091,1360,1426,1212,1456,1255,1437,1408,2081,1361,1224,1367,1393,1607,1219,1256,1422,1246,1364,1651,1637,1474,1708,1674,1762,1676,1544,1032,2036,1983,1909,1863,3183,2688,2348,984,2711,2118,2295,1275,1797,1673,1869,1985,1436,716,571,1674,752,2540,1438,1329,2193,2405,1093,1469,1877,2348,1075,1803,1087,1975,734,928,2088,2579,1764,1624,2964,1601,1575,425,1687,657,1966,1788,693,1439,1403,2070,2093,1397,2255,1545,1650,1738,1737,1265,1501,1684,1536,1029,1438,1960,1196,241,1913,1413,897,1172,2484,1469,630,1425,2143,1269,1250,1106,1848,2483,1281,1603,866,692,948,1131,1803,2027,795,2107,2246,1419,900,1187,550,2476,1260,521,1509,1838,1426,1918,758,904,518,1474,732,1340,1065,1957,995,2254,972,1367,1621,652,907,2107,1157,1440,2702,1639,1431,1222,453,2418,627
1358,1706,108,90,80,56,48,74,28,64,881,219,0,41,230,709,78,856,860,689,1166,140,439,966,1256,475,600,650,1146,600,405,545,1166,514,630,778,1502,957,1130,1251,1285,1082,1347,1308,1577,1643,1429,1673,1472,1654,1625,2298,1578,1441,1584,1610,1824,1436,1473,1639,1463,1581,1868,1854,1691,1925,1455,1979,1893,1761,1205,2253,2200,2126,1646,3400,2469,2565,1203,2928,2337,2076,1056,2016,1892,1650,2202,1219,935,790,1891,533,2757,1347,1112,2412,2622,1312,1252,1658,2565,856,2022,870,1756,517,711,2305,2796,1983,1405,3181,1382,1356,644,1904,440,1749,2007,474,1220,1622,2287,2310,1614,2472,1764,1431,1955,1954,1048,1718,1467,1319,1246,1655,1741,977,458,2130,1194,1116,1389,2701,1686,849,1206,2362,1486,1233,1325,2065,2700,1500,1822,647,909,729,914,1584,1808,1012,2324,2463,1200,1119,970,431,2257,1041,740,1290,1619,1643,1699,977,765,301,1257,515,1559,848,2174,778,2035,1189,1584,1840,871,688,1888,938,1223,2919,1856,1212,1003,236,2635,844
1317,1665,149,131,39,55,39,115,27,105,840,178,41,0,189,668,119,815,819,648,1125,181,398,925,1215,434,559,609,1105,559,364,504,1125,473,589,819,1461,916,1089,1210,1244,1041,1306,1267,1536,1602,1388,1632,1431,1613,1584,2257,1537,1400,1543,1569,1783,1395,1432,1598,1422,1540,1827,1813,1650,1884,1496,1938,1852,1720,1164,2212,2159,2085,1687,3359,2510,2524,1162,2887,2296,2117,1097,1975,1851,1691,2161,1260,894,749,1850,574,2716,1306,1153,2371,2581,1271,1293,1699,2524,897,1981,911,1797,558,752,2264,2755,1942,1446,3140,1423,1397,603,1863,481,1790,1966,515,1261,1581,2246,2269,1573,2431,1723,1472,1914,1913,1089,1677,1508,1360,1205,1614,1782,1018,417,2089,1235,1075,1348,2660,1645,808,1247,2321,1445,1192,1284,2024,2659,1459,1781,688,868,770,955,1625,1849,971,2283,2422,1241,1078,1011,390,2298,1082,699,1331,1660,1602,1740,936,726,342,1298,556,1518,889,2133,819,2076,1148,1543,1799,830,729,1929,979,1264,2878,1815,1253,1044,277,2594,803
1136,1484,338,320,226,244,228,304,216,294,659,13,230,189,0,479,300,626,630,459,936,362,209,736,1026,249,370,420,916,370,379,315,936,326,400,1000,1272,727,900,1021,1055,852,1117,1078,1347,1413,1199,1443,1242,1424,1395,2068,1348,1211,1354,1380,1594,1206,1243,1409,1233,1351,1638,1624,1461,1695,1677,1749,1663,1531,1035,2023,1970,1896,1876,3170,2691,2335,981,2698,2115,2298,1278,1794,1670,1872,1972,1449,713,568,1661,755,2527,1441,1342,2190,2392,1090,1482,1880,2335,1078,1800,1100,1978,747,941,2075,2566,1761,1627,2951,1604,1578,422,1674,670,1979,1785,696,1442,1400,2057,2080,1384,2242,1542,1653,1725,1724,1278,1488,1697,1549,1016,1425,1963,1199,228,1900,1416,894,1159,2471,1456,627,1428,2140,1256,1253,1103,1835,2470,1278,1600,869,679,951,1144,1806,2030,782,2094,2233,1422,897,1200,563,2479,1263,518,1512,1841,1413,1921,755,907,531,1487,745,1337,1078,1944,1008,2257,959,1354,1618,649,910,2110,1160,1453,2689,1626,1434,1225,466,2405,614
673,1021,817,799,705,723,707,783,695,773,196,492,709,668,479,0,763,147,151,212,457,825,546,257,547,712,599,589,437,647,842,712,457,789,735,1463,793,692,521,542,576,841,638,633,868,934,720,964,763,945,916,1589,869,732,875,901,1115,957,928,930,968,872,1159,1145,982,1216,2140,1270,1184,1052,1498,1544,1491,1417,2355,2691,3154,1856,818,2219,1652,2761,1741,1331,1207,2335,1493,1928,406,1001,1182,1218,2048,1904,1821,1727,1913,627,1961,2343,1856,1541,1337,1579,2441,1226,1420,1596,2087,1298,2090,2472,2067,2041,323,1195,1149,2458,1322,1159,1905,937,1578,1601,1243,1763,1079,2116,1246,1245,1757,1009,2176,2028,553,946,2426,1662,277,1421,1879,431,1352,1992,977,190,1891,1677,777,1716,640,1356,1991,815,1137,1332,1108,1414,1623,2269,2493,325,1615,1754,1885,434,1679,1042,2942,1726,489,1975,2304,1054,2384,748,1370,1010,1966,1224,874,1557,1465,1487,2720,480,875,1155,186,1373,2573,1623,1932,2210,1147,1897,1688,945,1926,299
1436,1784,168,150,158,134,126,134,106,124,959,297,78,119,300,763,0,796,800,629,1106,62,379,906,1196,415,540,590,1086,540,345,485,1106,454,570,700,1442,897,1070,1191,1225,1022,1287,1248,1517,1583,1369,1613,1412,1594,1565,2238,1518,1381,1524,1550,1764,1376,1413,1579,1403,1521,1808,1794,1631,1865,1377,1919,1833,1701,1145,2193,2140,2066,1706,3340,2391,2505,1281,2868,2415,1998,978,2094,1970,1572,2142,1279,1013,868,1831,473,2697,1287,1172,2490,2562,1390,1312,1580,2505,778,2100,930,1678,577,771,2245,2736,2061,1327,3121,1304,1278,722,1844,500,1809,2085,396,1142,1700,2227,2250,1554,2412,1842,1353,1895,1894,1108,1658,1527,1379,1316,1595,1663,899,486,2070,1116,1194,1329,2641,1626,927,1128,2440,1426,1173,1403,2005,2640,1578,1900,569,849,651,974,1506,1730,952,2264,2403,1122,1197,1030,509,2179,963,818,1212,1541,1583,1621,1055,705,361,1317,575,1637,908,2114,838,1957,1129,1524,1918,949,610,1810,860,1283,2859,1796,1134,925,296,2575,784
714,1062,964,946,852,870,854,930,842,920,237,639,856,815,626,147,796,0,4,171,310,784,505,110,400,671,558,548,290,606,801,671,310,748,694,1422,646,651,480,485,453,800,545,592,721,787,575,817,616,798,769,1442,722,689,728,754,968,916,887,783,927,815,1012,998,835,1069,2099,1123,1037,905,1457,1397,1344,1270,2502,2544,3113,1709,965,2072,1693,2720,1700,1372,1248,2294,1346,2075,553,1148,1035,1269,1901,1863,1968,1768,1766,668,2108,2302,1709,1500,1378,1726,2400,1373,1567,1449,1940,1339,2049,2325,2026,2000,470,1146,1296,2605,1363,1118,1864,978,1431,1454,1202,1616,1120,2075,1099,1098,1904,862,2323,2175,594,799,2385,1621,398,1274,1838,472,1311,1845,830,337,1850,1718,664,1675,785,1209,1844,856,1178,1291,1067,1373,1770,2228,2452,284,1468,1607,1844,475,1826,1189,2901,1685,636,1934,2263,1013,2343,895,1329,1157,2113,1371,915,1704,1318,1634,2679,333,728,1196,227,1358,2532,1582,2079,2063,1000,1856,1647,1092,1779,258
712,1060,968,950,856,874,858,934,846,924,235,643,860,819,630,151,800,4,0,173,306,786,507,106,396,673,560,550,286,608,803,673,306,750,696,1424,642,653,482,487,455,802,547,594,717,783,577,813,612,794,765,1438,718,691,724,750,964,918,889,779,929,817,1008,994,831,1065,2101,1119,1033,901,1459,1393,1340,1266,2506,2540,3115,1705,969,2068,1691,2722,1702,1370,1246,2296,1342,2079,557,1152,1031,1273,1897,1865,1972,1766,1762,666,2112,2304,1705,1502,1376,1730,2402,1377,1571,1445,1936,1337,2051,2321,2028,2002,474,1148,1300,2609,1361,1120,1866,976,1427,1450,1204,1612,1118,2077,1095,1094,1908,858,2327,2179,592,795,2387,1623,402,1270,1840,470,1313,1841,826,341,1852,1716,662,1677,789,1205,1840,854,1176,1293,1069,1375,1774,2230,2454,286,1464,1603,1846,473,1830,1193,2903,1687,640,1936,2265,1015,2345,899,1331,1161,2117,1375,913,1708,1314,1638,2681,329,724,1194,225,1362,2534,1584,2083,2059,998,1858,1649,1096,1775,260
885,1233,797,779,685,703,687,763,675,753,408,472,689,648,459,212,629,171,173,0,477,613,334,277,567,500,387,377,457,435,630,500,477,577,523,1251,813,480,441,562,596,629,658,619,888,954,740,984,783,965,936,1609,889,752,895,921,1135,747,784,950,774,892,1179,1165,1002,1236,1928,1290,1204,1072,1286,1564,1511,1437,2335,2711,2942,1876,798,2239,1864,2549,1529,1543,1419,2123,1513,1908,462,981,1202,1102,2068,1692,1801,1939,1933,839,1941,2131,1876,1329,1549,1559,2229,1206,1400,1616,2107,1510,1878,2492,1855,1829,303,1215,1129,2438,1534,947,1693,1149,1598,1621,1031,1783,1291,1904,1266,1265,1737,1029,2156,2008,765,966,2214,1450,231,1441,1667,643,1140,2012,997,376,1679,1889,835,1504,852,1376,2011,1027,1349,1120,896,1202,1603,2057,2281,323,1635,1774,1673,646,1659,1022,2730,1514,469,1763,2092,954,2172,728,1158,990,1946,1204,1086,1537,1485,1467,2508,500,895,1367,398,1191,2361,1411,1912,2230,1171,1685,1476,925,1946,155
552,774,1274,1256,1162,1180,1164,1240,1152,1230,289,949,1166,1125,936,457,1106,310,306,477,0,1072,793,294,90,959,846,836,344,894,1089,959,364,1036,982,1710,336,939,768,773,741,1088,833,880,683,647,863,623,844,696,725,1132,838,977,954,930,768,1204,1175,1009,1215,1103,854,890,1097,863,2387,865,955,1091,1745,1087,1034,960,2812,2234,3401,1399,1275,1762,1405,3008,1988,1084,960,2582,1036,2385,863,1458,725,1579,1591,2151,2278,1480,1456,380,2418,2590,1399,1788,1090,2036,2688,1683,1877,1139,1630,1051,2337,2015,2314,2288,780,1434,1606,2915,1075,1406,2152,704,1121,1144,1490,1306,832,2363,789,788,2214,552,2633,2485,306,489,2673,1909,708,1086,2126,308,1599,1535,520,647,2138,1430,376,1963,1095,899,1534,568,890,1579,1355,1661,2080,2516,2740,572,1158,1297,2132,187,2136,1499,3189,1973,946,2222,2551,1301,2631,1205,1617,1467,2423,1681,627,2014,1008,1944,2967,581,466,908,469,1668,2820,1870,2389,1753,712,2144,1935,1402,1469,546
1498,1846,218,200,220,196,188,184,168,174,1021,359,140,181,362,825,62,784,786,613,1072,0,329,856,1146,365,490,540,1036,490,295,435,1056,404,520,638,1392,847,1020,1141,1175,972,1237,1198,1467,1533,1319,1563,1362,1544,1515,2188,1468,1331,1474,1500,1714,1326,1363,1529,1353,1471,1758,1744,1581,1815,1315,1869,1783,1651,1095,2143,2090,2016,1756,3290,2329,2455,1343,2818,2477,1936,916,2156,2032,1510,2092,1329,1075,930,1781,523,2647,1237,1222,2552,2512,1452,1362,1518,2455,716,2162,980,1616,627,821,2195,2686,2123,1265,3071,1242,1216,784,1794,550,1859,2147,334,1080,1762,2177,2200,1504,2362,1904,1291,1845,1844,1158,1608,1577,1429,1378,1545,1601,837,548,2020,1054,1256,1279,2591,1576,989,1066,2502,1448,1123,1465,1955,2590,1640,1962,507,799,589,1024,1444,1668,902,2214,2353,1060,1259,1080,571,2117,901,880,1150,1479,1533,1559,1117,655,411,1367,625,1699,958,2064,888,1895,1079,1474,1980,1011,612,1748,798,1333,2809,1784,1072,863,346,2525,734
1219,1567,547,529,435,453,437,513,425,503,742,222,439,398,209,546,379,505,507,334,793,329,0,527,817,166,161,211,707,161,296,166,727,243,191,917,1063,518,691,812,846,643,908,869,1138,1204,990,1234,1033,1215,1186,1859,1139,1002,1145,1171,1385,997,1034,1200,1024,1142,1429,1415,1252,1486,1594,1540,1454,1322,952,1814,1761,1687,2085,2961,2608,2126,1064,2489,2198,2215,1195,1877,1753,1789,1763,1658,796,731,1452,852,2318,1358,1551,2273,2183,1173,1691,1797,2126,995,1883,1309,1895,956,1150,1866,2357,1844,1544,2742,1521,1495,505,1465,879,2188,1868,613,1359,1483,1848,1871,1175,2033,1625,1570,1516,1515,1487,1279,1906,1758,1099,1216,1880,1116,269,1691,1333,977,950,2262,1247,710,1345,2223,1169,1170,1186,1626,2261,1361,1683,786,562,868,1353,1723,1947,573,1885,2024,1339,980,1409,772,2396,1180,601,1429,1758,1204,1838,838,824,740,1696,954,1420,1287,1735,1217,2174,750,1145,1701,732,941,2027,1077,1662,2480,1505,1351,1152,675,2196,405
720,1068,1074,1056,962,980,964,1040,952,1030,243,749,966,925,736,257,906,110,106,277,294,856,527,0,290,665,552,542,180,600,795,665,200,742,688,1416,536,645,474,479,447,794,539,586,611,677,569,707,550,688,659,1332,612,683,660,644,858,910,881,715,921,809,902,888,803,959,2093,1013,927,797,1451,1287,1234,1160,2612,2434,3107,1599,1075,1962,1699,2714,1694,1378,1254,2288,1236,2185,663,1258,925,1379,1791,1857,2078,1774,1656,674,2218,2296,1599,1494,1384,1836,2394,1483,1677,1339,1830,1345,2043,2215,2020,1994,580,1140,1406,2715,1369,1112,1858,984,1321,1344,1196,1506,1126,2069,989,988,2014,752,2433,2285,600,689,2379,1615,508,1164,1832,478,1305,1735,720,447,1844,1724,670,1669,895,1099,1734,862,1184,1285,1061,1367,1880,2222,2446,278,1358,1497,1838,481,1936,1299,2895,1679,746,1928,2257,1007,2337,1005,1323,1267,2223,1481,921,1814,1208,1744,2673,287,618,1202,269,1468,2526,1576,2189,1953,1006,1850,1679,1202,1669,252
642,826,1364,1346,1252,1270,1254,1330,1242,1320,379,1039,1256,1215,1026,547,1196,400,396,567,90,1146,817,290,0,907,794,784,292,842,1037,907,312,984,930,1658,246,887,716,721,689,1036,781,828,631,595,811,571,792,644,673,1042,786,925,902,878,716,1152,1123,957,1163,1051,802,838,1045,811,2335,813,903,1039,1693,997,944,870,2902,2144,3349,1309,1365,1672,1457,2956,1936,1136,1012,2530,946,2475,953,1548,635,1669,1501,2099,2368,1532,1366,432,2508,2538,1309,1736,1142,2126,2636,1773,1967,1049,1540,1103,2285,1925,2262,2236,870,1382,1696,3005,1127,1354,2100,794,1031,1054,1438,1216,884,2311,699,698,2304,462,2723,2575,358,399,2621,1857,798,1034,2074,398,1547,1445,430,737,2086,1482,428,1911,1185,809,1444,620,942,1527,1303,1609,2170,2464,2688,520,1068,1207,2080,239,2226,1589,3137,1921,1036,2170,2499,1249,2579,1295,1565,1557,2513,1771,679,2104,918,2034,2915,529,414,960,559,1758,2768,1818,2479,1663,764,2092,1969,1492,1379,494
1385,1733,583,565,471,489,473,549,461,539,908,258,475,434,249,712,415,671,673,500,959,365,166,665,907,0,125,175,671,125,130,70,691,77,155,751,1027,482,655,776,810,607,872,833,1102,1168,954,1198,997,1179,1150,1823,1103,966,1109,1135,1349,961,998,1164,988,1106,1393,1379,1216,1450,1428,1504,1418,1286,786,1778,1725,1651,2121,2925,2442,2090,1230,2453,2364,2049,1029,2043,1919,1623,1727,1694,962,817,1416,888,2282,1192,1587,2439,2147,1339,1727,1631,2090,829,2049,1345,1729,992,1186,1938,2321,2010,1378,2706,1355,1329,671,1429,915,2224,2034,545,1193,1649,1812,1835,1139,1997,1791,1404,1480,1529,1523,1243,1942,1794,1265,1180,1714,950,435,1655,1167,1143,914,2226,1211,876,1265,2389,1335,1004,1352,1590,2225,1527,1849,620,434,702,1389,1557,1781,537,1849,1988,1173,1146,1445,808,2230,1014,767,1263,1592,1168,1672,1004,658,776,1732,990,1586,1323,1699,1253,2008,714,1109,1867,898,977,1861,911,1698,2444,1671,1185,1188,711,2160,413
1272,1620,708,690,596,614,598,674,586,664,795,383,600,559,370,599,540,558,560,387,846,490,161,552,794,125,0,50,546,48,243,113,566,190,136,864,902,357,530,651,685,482,747,708,977,1043,829,1073,872,1054,1025,1698,978,841,984,1010,1224,836,873,1039,863,981,1268,1254,1091,1325,1541,1379,1293,1161,899,1653,1600,1526,2246,2800,2555,1965,1117,2328,2251,2162,1144,1930,1806,1736,1602,1819,849,892,1291,1013,2157,1305,1712,2326,2022,1226,1852,1744,1965,942,1936,1470,1842,1117,1311,1825,2196,1897,1491,2581,1468,1442,558,1304,1040,2349,1921,670,1306,1536,1687,1710,1014,1872,1678,1517,1355,1416,1648,1118,2067,1919,1152,1055,1827,1063,322,1530,1280,1030,789,2101,1086,763,1390,2276,1222,1117,1239,1465,2100,1414,1736,733,509,815,1514,1670,1894,412,1724,1863,1286,1033,1570,933,2343,1127,654,1376,1705,1043,1785,891,771,901,1857,1115,1473,1448,1574,1378,2121,589,984,1754,785,1102,1974,1024,1823,2319,1558,1298,1313,836,2035,300
1262,1610,758,740,646,664,648,724,636,714,785,433,650,609,420,589,590,548,550,377,836,540,211,542,784,175,50,0,496,58,253,123,516,200,146,874,852,307,480,601,635,432,697,658,927,993,779,1023,822,1004,975,1648,928,791,934,960,1174,786,823,989,813,931,1218,1204,1041,1275,1551,1329,1243,1111,909,1603,1550,1476,2296,2750,2565,1915,1107,2278,2241,2172,1194,1920,1796,1746,1552,1869,839,942,1241,1063,2107,1315,1762,2316,1972,1216,1902,1754,1915,952,1926,1520,1852,1167,1361,1815,2146,1887,1501,2531,1478,1452,548,1254,1090,2399,1911,720,1316,1526,1637,1660,964,1822,1668,1527,1305,1406,1698,1068,2117,1969,1142,1005,1837,1073,312,1480,1290,1020,763,2051,1070,753,1440,2266,1212,1127,1229,1415,2050,1404,1726,743,519,825,1564,1680,1904,362,1674,1813,1296,1023,1620,983,2353,1137,644,1386,1715,993,1795,881,781,951,1907,1165,1463,1498,1524,1428,2131,539,934,1744,775,1152,1984,1034,1873,2269,1548,1308,1363,886,1985,290
770,1118,1254,1236,1142,1160,1144,1220,1132,1210,293,929,1146,1105,916,437,1086,290,286,457,344,1036,707,180,292,671,546,496,0,550,745,615,20,692,638,1366,356,595,424,429,397,744,489,536,431,497,519,527,500,508,479,1152,494,633,610,586,678,860,831,665,871,759,722,708,753,779,2043,833,747,747,1401,1107,1054,980,2792,2254,3057,1419,1255,1782,1749,2664,1690,1428,1304,2238,1056,2365,843,1438,745,1559,1611,1807,2258,1824,1476,724,2398,2246,1419,1444,1434,2016,2344,1663,1857,1323,1650,1395,1993,2035,1970,1944,760,1090,1586,2895,1419,1216,1808,1034,1141,1164,1146,1326,1176,2019,809,914,2194,572,2613,2465,650,509,2329,1565,688,984,1782,528,1255,1555,578,627,1936,1774,720,1619,1075,919,1554,912,1234,1235,1011,1317,2060,2172,2396,228,1178,1317,1788,531,2116,1479,2845,1629,926,1878,2207,957,2287,1185,1273,1447,2403,1661,971,1994,1028,1924,2623,237,438,1252,449,1648,2476,1526,2369,1773,1056,1800,1859,1382,1489,302
1320,1668,708,690,596,614,598,674,586,664,843,383,600,559,370,647,540,606,608,435,894,490,161,600,842,125,48,58,550,0,195,65,566,142,88,816,902,357,530,651,685,482,747,708,977,1043,829,1073,872,1054,1025,1698,978,841,984,1010,1224,836,873,1039,863,981,1268,1254,1091,1325,1493,1379,1293,1161,851,1653,1600,1526,2246,2800,2507,1965,1165,2328,2299,2114,1144,1978,1854,1688,1602,1819,897,892,1291,1013,2157,1257,1712,2374,2022,1274,1852,1696,1965,894,1984,1470,1794,1117,1311,1873,2196,1945,1443,2581,1420,1394,606,1304,1040,2349,1969,670,1258,1584,1687,1710,1014,1872,1726,1469,1355,1464,1648,1118,2067,1919,1200,1055,1779,1015,370,1530,1232,1078,789,2101,1128,811,1390,2324,1270,1069,1287,1465,2100,1462,1784,685,461,767,1514,1622,1846,412,1724,1863,1238,1081,1570,933,2295,1079,702,1328,1657,1043,1737,939,723,901,1857,1115,1521,1448,1574,1378,2073,589,984,1802,833,1102,1926,976,1823,2319,1606,1250,1313,836,2035,348
1515,1863,513,495,401,419,403,479,391,469,1038,376,405,364,379,842,345,801,803,630,1089,295,296,795,1037,130,243,253,745,195,0,140,761,109,225,621,1097,552,725,846,880,677,942,903,1172,1238,1024,1268,1067,1249,1220,1893,1173,1036,1179,1205,1419,1031,1068,1234,1058,1176,1463,1449,1286,1520,1298,1574,1488,1356,800,1848,1795,1721,2051,2995,2312,2160,1360,2523,2494,1919,949,2173,2049,1493,1797,1624,1092,947,1486,818,2352,1062,1517,2569,2217,1469,1657,1501,2160,699,2179,1275,1599,922,1116,2068,2391,2140,1248,2776,1225,1199,801,1499,845,2154,2164,475,1063,1779,1882,1905,1209,2067,1921,1274,1550,1659,1453,1313,1872,1724,1395,1250,1584,820,565,1725,1037,1273,984,2296,1323,1006,1195,2519,1465,874,1482,1660,2295,1657,1979,490,504,572,1319,1427,1651,607,1919,2058,1043,1276,1375,738,2100,884,897,1133,1462,1238,1542,1134,528,706,1662,920,1716,1253,1769,1183,1878,784,1179,1997,1028,907,1731,781,1628,2514,1801,1055,1118,641,2230,543
1385,1733,653,635,541,559,543,619,531,609,908,328,545,504,315,712,485,671,673,500,959,435,166,665,907,70,113,123,615,65,140,0,621,77,85,751,957,412,585,706,740,537,802,763,1032,1098,884,1128,927,1109,1080,1753,1033,896,1039,1065,1279,891,928,1094,918,1036,1323,1309,1146,1380,1428,1434,1348,1216,786,1708,1655,1581,2191,2855,2442,2020,1230,2383,2364,2049,1089,2043,1919,1623,1657,1764,962,837,1346,958,2212,1192,1657,2439,2077,1339,1797,1631,2020,829,2049,1415,1729,1062,1256,1938,2251,2010,1378,2636,1355,1329,671,1359,985,2294,2034,615,1193,1649,1742,1765,1069,1927,1791,1404,1410,1529,1593,1173,2012,1864,1265,1110,1714,950,435,1585,1167,1143,844,2156,1193,876,1335,2389,1335,1004,1352,1520,2155,1527,1849,620,396,702,1459,1557,1781,467,1779,1918,1173,1146,1515,878,2230,1014,767,1263,1592,1098,1672,1004,658,846,1802,1060,1586,1393,1629,1323,2008,644,1039,1867,898,1047,1861,911,1768,2374,1671,1185,1258,781,2090,413
790,1138,1274,1256,1162,1180,1164,1240,1152,1230,313,949,1166,1125,936,457,1106,310,306,477,364,1056,727,200,312,691,566,516,20,566,761,621,0,672,618,1346,336,575,404,409,377,724,469,516,411,477,499,507,480,488,459,1132,474,613,590,566,658,840,811,645,851,739,702,688,733,759,2023,813,727,727,1381,1087,1034,960,2812,2234,3037,1399,1275,1762,1769,2644,1710,1448,1324,2218,1036,2385,863,1458,725,1579,1591,1787,2278,1844,1456,744,2418,2226,1399,1424,1454,2036,2324,1683,1877,1343,1630,1415,1973,2015,1950,1924,780,1070,1606,2915,1439,1236,1788,1054,1121,1144,1126,1306,1196,1999,789,934,2214,552,2633,2485,670,489,2309,1545,708,964,1762,548,1235,1535,598,647,1956,1794,740,1599,1095,899,1534,932,1254,1215,991,1297,2080,2152,2376,208,1158,1297,1768,551,2136,1499,2825,1609,946,1858,2187,937,2267,1205,1253,1467,2423,1681,991,2014,1008,1944,2603,217,418,1272,469,1668,2456,1506,2389,1753,1076,1780,1879,1402,1469,322
1462,1810,622,604,510,528,512,588,500,578,985,323,514,473,326,789,454,748,750,577,1036,404,243,742,984,77,190,200,692,142,109,77,672,0,116,674,988,443,616,737,771,568,833,794,1063,1129,915,1159,958,1140,1111,1784,1064,927,1070,1096,1310,922,959,1125,949,1067,1354,1340,1177,1411,1351,1465,1379,1247,709,1739,1686,1612,2160,2886,2365,2051,1307,2414,2441,1972,1058,2120,1996,1546,1688,1733,1039,894,1377,927,2243,1115,1626,2516,2108,1416,1766,1554,2051,752,2126,1384,1652,1031,1225,2015,2282,2087,1301,2667,1278,1252,748,1390,954,2263,2111,584,1116,1726,1773,1796,1100,1958,1868,1327,1441,1606,1562,1204,1981,1833,1342,1141,1637,873,512,1616,1090,1220,875,2187,1270,953,1304,2466,1412,927,1429,1551,2186,1604,1926,543,395,625,1428,1480,1704,498,1810,1949,1096,1223,1484,847,2153,937,844,1186,1515,1129,1595,1081,581,815,1771,1029,1663,1362,1660,1292,1931,675,1070,1944,975,1016,1784,834,1737,2405,1748,1108,1227,750,2121,490
1408,1756,738,720,626,644,628,704,616,694,931,413,630,589,400,735,570,694,696,523,982,520,191,688,930,155,136,146,638,88,225,85,618,116,0,728,872,327,500,621,655,452,717,678,947,1013,799,1043,842,1024,995,1668,948,811,954,980,1194,806,843,1009,833,951,1238,1224,1061,1295,1405,1349,1263,1131,763,1623,1570,1496,2276,2770,2419,1935,1253,2298,2387,2026,1174,2066,1942,1600,1572,1849,985,922,1261,1043,2127,1169,1742,2462,1992,1362,1882,1608,1935,806,2072,1500,1706,1147,1341,1961,2166,2033,1355,2551,1332,1306,694,1274,1070,2379,2057,700,1170,1672,1677,1680,984,1842,1814,1381,1325,1552,1678,1088,2097,1949,1288,1025,1691,927,458,1500,1144,1166,759,2071,1216,899,1420,2412,1358,981,1375,1435,2070,1550,1872,597,373,679,1544,1534,1758,410,1694,1833,1150,1169,1600,963,2207,991,790,1240,1569,1013,1649,1027,635,931,1887,1145,1609,1478,1544,1408,1985,559,954,1890,921,1132,1838,888,1853,2289,1694,1162,1343,866,2005,436
2136,2484,768,786,858,834,826,732,806,718,1659,997,778,819,1000,1463,700,1422,1424,1251,1710,638,917,1416,1658,751,864,874,1366,816,621,751,1346,674,728,0,1552,1007,1180,1301,1335,1132,1397,1358,1627,1693,1479,1723,1522,1704,1675,2348,1628,1491,1634,1660,1874,1486,1523,1689,1513,1631,1918,1904,1741,1975,677,2029,1943,1811,1255,2303,2250,2176,1596,3450,1691,2615,1981,2978,3115,1298,494,2794,2670,958,2252,1169,1713,1568,1941,363,2807,1397,1062,3190,2672,2090,1202,880,2615,392,2800,1082,978,1117,661,2689,2846,2761,1147,3231,788,578,1422,1954,570,1699,2785,304,442,2400,2405,2360,1664,2522,2542,653,2019,2280,998,1768,1417,1269,2016,1721,963,199,1186,2180,440,1894,1439,2751,1944,1627,740,3140,2086,1283,2103,2115,2750,2278,2600,443,959,219,864,806,1030,1138,2374,2513,1158,1897,920,1209,1479,305,1518,616,841,1693,921,1755,815,699,1207,465,2337,798,2224,728,1257,1239,1634,2618,1649,452,1110,554,1173,2969,2422,778,663,902,2685,1164
888,988,1610,1592,1498,1516,1500,1576,1488,1566,625,1285,1502,1461,1272,793,1442,646,642,813,336,1392,1063,536,246,1027,902,852,356,902,1097,957,336,988,872,1552,0,725,554,559,527,874,619,666,469,433,649,409,630,482,511,796,624,763,740,716,554,990,961,795,1001,889,640,676,883,649,2173,651,741,877,1531,751,698,632,3148,1898,3187,1063,1611,1426,1619,2794,2046,1298,1174,2368,700,2721,1199,1794,389,1915,1255,1937,2614,1694,1120,594,2754,2376,1063,1574,1304,2372,2474,2019,2213,1193,1294,1265,2123,1679,2100,2124,1116,1220,1942,3251,1289,1572,1938,1040,909,808,1276,970,1046,2149,523,784,2550,216,2969,2821,520,225,2459,1695,1044,872,1912,644,1385,1199,448,983,2292,1644,590,1749,1431,563,1198,782,1104,1365,1141,1447,2416,2302,2526,490,822,961,1918,431,2472,1835,2975,1857,1282,2008,2337,1087,2417,1541,1403,1803,2759,2017,841,2350,672,2280,2753,367,252,1122,805,2004,2606,1656,2725,1417,926,1930,2215,1738,1133,658
1365,1713,1065,1047,953,971,955,1031,943,1021,888,740,957,916,727,692,897,651,653,480,939,847,518,645,887,482,357,307,595,357,552,412,575,443,327,1007,725,0,173,294,328,149,390,351,620,686,472,716,515,697,668,1341,621,484,627,653,867,479,516,682,506,624,911,897,734,968,1448,1022,936,804,806,1296,1243,1169,2603,2443,2462,1672,1210,1971,2344,2069,1501,2023,1899,1643,1315,2176,942,1249,992,1370,1800,1212,2069,2419,1665,1319,2209,1651,1608,849,2029,1827,1749,1474,1668,1918,1839,1990,1398,2224,1375,1579,651,947,1397,2706,2014,1027,1245,1629,1634,1353,657,1515,1771,1424,1248,1509,2005,761,2424,2276,1245,950,1734,1134,499,1173,1187,1123,660,1744,1173,856,1747,2369,1315,1024,1332,1108,1743,1507,1829,640,416,788,1871,1577,1801,367,1367,1506,1193,1126,1927,1290,2250,1312,747,1283,1612,686,1692,996,678,1258,2214,1472,1566,1805,1217,1735,2028,358,627,1847,878,1459,1881,931,2180,1962,1651,1205,1670,1193,1678,393
1194,1542,1238,1220,1126,1144,1128,1204,1116,1194,717,913,1130,1089,900,521,1070,480,482,441,768,1020,691,474,716,655,530,480,424,530,725,585,404,616,500,1180,554,173,0,121,155,320,217,178,447,513,299,543,342,524,495,1168,448,311,454,480,694,436,407,509,447,451,738,724,561,795,1619,849,763,631,977,1123,1070,996,2776,2270,2633,1501,1239,1798,2173,2240,1674,1852,1728,1814,1144,2349,827,1422,821,1543,1627,1383,2242,2248,1492,1148,2382,1824,1435,1020,1858,2000,1920,1647,1841,1747,1666,1819,1569,2051,1546,1752,744,774,1570,2879,1843,1200,1418,1458,1463,1180,722,1342,1600,1595,1077,1338,2178,588,2597,2449,1074,779,1905,1307,672,1000,1358,952,831,1571,1002,685,1920,2198,1144,1195,1161,935,1570,1336,1658,811,587,961,2044,1748,1972,196,1194,1333,1364,955,2100,1463,2421,1485,910,1454,1783,533,1863,1169,849,1431,2387,1645,1395,1978,1044,1908,2199,187,454,1676,707,1632,2052,1102,2353,1789,1480,1376,1843,1366,1505,286
1199,1547,1359,1341,1247,1265,1249,1325,1237,1315,722,1034,1251,1210,1021,542,1191,485,487,562,773,1141,812,479,721,776,651,601,429,651,846,706,409,737,621,1301,559,294,121,0,34,315,96,107,326,392,178,422,221,403,374,1047,327,204,333,359,573,431,402,388,442,330,617,603,440,674,1614,728,642,510,972,1002,949,875,2897,2149,2628,1506,1360,1677,2178,2235,1795,1857,1733,1809,1149,2470,948,1543,826,1664,1506,1378,2363,2253,1371,1153,2503,1945,1314,1015,1863,2121,1915,1768,1962,1752,1545,1824,1564,1930,1541,1873,865,661,1691,3000,1848,1321,1539,1463,1468,1059,717,1251,1605,1590,1082,1343,2299,467,2718,2570,1079,784,1900,1428,793,879,1353,957,826,1450,1007,732,2041,2203,1149,1190,1180,814,1449,1341,1663,858,582,1082,2165,1743,1967,239,1073,1212,1359,960,2221,1584,2416,1606,1031,1449,1778,528,1858,1290,844,1552,2508,1766,1400,2099,923,2029,2194,192,333,1681,712,1753,2047,1097,2474,1668,1485,1371,1964,1487,1384,407
1167,1515,1393,1375,1281,1299,1283,1359,1271,1349,690,1068,1285,1244,1055,576,1225,453,455,596,741,1175,846,447,689,810,685,635,397,685,880,740,377,771,655,1335,527,328,155,34,0,347,92,139,292,358,144,388,187,369,340,1013,293,236,299,325,539,463,434,354,474,362,583,569,406,640,1646,694,608,476,1004,968,915,841,2931,2115,2660,1474,1394,1643,2146,2267,1829,1825,1701,1841,1117,2504,982,1577,794,1698,1472,1410,2397,2221,1337,1121,2537,1979,1280,1047,1831,2155,1947,1802,1996,1720,1511,1792,1596,1896,1573,1907,899,693,1725,3034,1816,1355,1573,1431,1436,1025,749,1219,1573,1622,1050,1311,2333,433,2752,2604,1047,752,1932,1462,827,845,1385,925,858,1416,975,766,2075,2171,1117,1222,1214,780,1415,1309,1631,892,614,1116,2199,1775,1999,273,1039,1178,1391,928,2255,1618,2448,1640,1065,1481,1810,560,1890,1324,876,1586,2542,1800,1368,2133,889,2063,2226,160,299,1649,680,1787,2079,1129,2508,1634,1453,1403,1998,1521,1350,441
