0,10,5,2,7,8,4,6,4,2,1,3,82,25,25,55,14,10,2,3,5,66,10,8,11,8,16,5,28,5,5,2,4,2,3,11,11,6,14,34,19,12,8,9,6,15,8,18,6,7,16,4,2,6,3,4,8,8,11,5,18,7,10,4,6,11,13,9,12,6,10,4,8,11,6,14,8,10,5,10,22,10,3,3,8,19,22,2,11,19,24,17,5,13,38,17,16,16,10,19,13,11,12,4,4,19,27,17,28,22,11,24,11,1,10,30,9,9,5,25,23,9,24,29,5,24,6,3,4,9,16,1,5,5,1,19,6,23,17,21,15,6,7,26,25,10,5,7,12,28,5,17,25,16,2,5,2,9,3,5,1,10,16,37,35,1,6,27,10,44,2,14,9,4,16,15,11,7,32,17,23,13,40,31,9,5,14,8,2,2,16,19,18,31,24,11,17,27,1,12
0,1,0,2,7,4,1,1,0,2,0,3,0,0,1,0,13,0,1,1,0,1,0,1,0,0,0,0,0,0,1,1,1,0,1,0,8,4,0,0,0,12,0,1,1,1,0,1,0,4,1,1,0,1,0,3,0,6,0,1,0,1,1,2,0,0,0,3,0,3,1,0,0,0,1,0,0,0,0,0,1,1,0,3,0,19,0,0,0,0,0,0,0,0,0,7,0,0,1,10,2,4,1,4,4,1,0,0,0,21,0,1,1,1,0,1,1,0,1,1,0,0,12,3,0,22,1,0,0,7,0,1,0,1,1,1,0,0,0,0,0,1,1,0,0,5,0,6,0,0,1,0,0,0,2,0,2,1,0,0,0,1,16,0,1,0,1,0,1,0,0,0,0,3,0,0,0,1,1,0,0,1,0,0,1,0,1,0,1,1,0,0,0,12,1,1,0,1,0,1
0,0,1,0,0,0,0,0,2,0,1,0,1,8,0,1,0,1,0,0,1,0,1,0,10,7,1,1,1,1,0,0,0,1,0,5,0,0,1,1,1,0,1,0,0,0,8,0,1,0,0,0,2,0,3,0,1,0,11,0,1,0,0,0,3,11,1,0,1,0,0,1,2,1,0,14,1,10,1,1,0,0,3,0,1,0,1,1,1,1,1,1,3,1,1,0,12,1,0,0,0,0,0,0,0,0,9,1,1,0,1,0,0,0,1,0,0,1,0,0,19,1,0,0,5,0,0,1,1,0,1,0,2,0,0,0,1,1,1,1,9,0,0,1,1,0,1,0,1,1,0,1,1,1,0,1,0,0,3,1,1,0,0,1,0,1,0,1,0,5,1,1,9,0,1,6,1,0,0,7,17,0,1,1,0,1,0,5,0,0,1,16,1,0,0,0,1,0,1,0
0,1,-1,2,7,4,1,1,-2,2,-1,3,-1,-8,1,-1,13,-1,1,1,-1,1,-1,1,-10,-7,-1,-1,-1,-1,1,1,1,-1,1,-5,8,4,-1,-1,-1,12,-1,1,1,1,-8,1,-1,4,1,1,-2,1,-3,3,-1,6,-11,1,-1,1,1,2,-3,-11,-1,3,-1,3,1,-1,-2,-1,1,-14,-1,-10,-1,-1,1,1,-3,3,-1,19,-1,-1,-1,-1,-1,-1,-3,-1,-1,7,-12,-1,1,10,2,4,1,4,4,1,-9,-1,-1,21,-1,1,1,1,-1,1,1,-1,1,1,-19,-1,12,3,-5,22,1,-1,-1,7,-1,1,-2,1,1,1,-1,-1,-1,-1,-9,1,1,-1,-1,5,-1,6,-1,-1,1,-1,-1,-1,2,-1,2,1,-3,-1,-1,1,16,-1,1,-1,1,-1,1,-5,-1,-1,-9,3,-1,-6,-1,1,1,-7,-17,1,-1,-1,1,-1,1,-5,1,1,-1,-16,-1,12,1,1,-1,1,-1,1
0,6,444,1059,1368,1351,1310,1394,1139,665,1358,1136,1443,1169,714,712,885,1219,1096,720,811,642,1195,708,668,1272,1515,1385,790,696,1462,835,1408,2136,888,1201,1548,1194,1654,1199,1167,1372,1933,1453,2512,1259,1291,1150,2550,1289,1259,1270,1151,1710,1684,1264,1403,1177,1380,1356,1244,1210,1327,2871,2441,1630,1601,1435,2918,2297,1413,2813,1365,1517,1577,1586,1639,1586,2496,1588,2766,3827,1951,1331,3434,2147,1365,534,3008,2138,2343,2853,1418,3362,2577,1749,1726,2008,1906,739,3016,2214,2358,664,2487,1484,1131,1695,944,1985,2182,625,2763,265,2714,303,1789,714,1860,282,1197,1547,1832,3219,264,1673,3569,1215,1696,2789,910,1536,2156,1079,1933,488,632,2541,2368,2192,1041,3099,950,2552,2087,1072,1439,1738,2564,1240,1864,872,543,2086,1911,947,1751,2005,212,1781,2087,2571,1302,2056,3166,998,1849,2116,2558,1793,1584,947,1267,1496,2977,1727,1749,2043,2296,3149,1531,270,1437,1560,3393,1007,2143,954,487,870,3246,176,1837,2305,728,2279,1242,2570,1756,1958
6,0,438,1059,1368,1351,1310,1394,1139,665,1358,1136,1443,1169,714,712,885,1219,1090,720,811,636,1195,708,662,1272,1515,1385,790,690,1462,835,1408,2136,882,1201,1548,1194,1654,1199,1167,1372,1933,1453,2512,1259,1291,1150,2550,1289,1259,1270,1151,1710,1678,1264,1403,1177,1380,1356,1244,1204,1321,2871,2441,1630,1601,1435,2918,2297,1407,2813,1359,1517,1571,1586,1633,1580,2496,1582,2766,3827,1945,1337,3434,2147,1365,534,3008,2144,2343,2853,1412,3362,2577,1749,1732,2002,1900,733,3016,2214,2358,664,2481,1490,1137,1695,944,1985,2176,625,2763,265,2714,303,1783,714,1860,288,1191,1553,1832,3219,264,1667,3569,1215,1690,2789,910,1530,2156,1085,1939,494,626,2541,2362,2192,1035,3099,950,2552,2081,1066,1433,1738,2564,1234,1864,866,549,2080,1911,941,1751,2005,206,1781,2087,2565,1308,2062,3166,998,1843,2116,2558,1787,1590,953,1261,1490,2977,1727,1755,2043,2290,3149,1525,270,1437,1554,3393,1007,2143,948,487,864,3246,176,1843,2299,728,2279,1236,2570,1750,1958
444,438,0,1407,1716,1699,1658,1742,1487,1013,1706,1484,1791,1517,1062,1060,1233,1567,652,1068,1159,826,1543,1056,902,1620,1863,1733,1138,1010,1810,1183,1756,2484,988,1549,1896,1542,2002,1547,1515,1720,2281,1801,2860,1607,1639,1498,2898,1637,1607,1618,1499,2058,1240,1612,1751,1525,1728,1704,1592,1542,1431,3219,2789,1978,1949,1783,3266,2645,1535,3161,1639,1865,1485,1934,1473,1528,2844,1636,3114,4175,1507,1775,3782,2495,1713,482,3356,2582,2691,3201,974,3710,2925,2097,2170,1638,1462,295,3364,2562,2706,316,2043,1928,1575,2043,596,2333,1738,277,3111,289,3062,651,1875,1062,2208,726,753,1991,2180,3567,596,1229,3917,867,1252,3137,1258,1092,2504,1523,2377,932,468,2889,1924,2540,763,3447,1298,2900,1643,628,995,2086,2912,796,2212,428,987,1642,2259,503,2099,2353,304,2129,2435,2127,1746,2500,3514,1346,1405,2464,2906,1661,2028,1391,1243,1204,3325,2075,2193,2391,1852,3497,1087,644,1785,1116,3741,1355,2491,510,835,802,3594,450,2281,1861,1076,2627,798,2918,1318,2306
1059,1059,1407,0,309,292,251,335,406,880,299,419,384,542,1045,1049,878,628,1899,1155,1082,1445,740,1261,1471,789,594,734,1355,1499,703,1350,819,1077,1691,1154,823,1319,933,1440,1474,1297,874,1302,1453,1536,1510,1725,1491,1618,1650,1661,1814,1291,2487,1767,1630,1864,1773,1799,1921,2013,2130,1812,1382,1625,1662,1828,1859,1238,2216,1754,2168,1950,2380,1975,2442,2389,1437,2391,1707,2768,2754,528,2375,1964,460,1593,1949,1335,1284,1794,2221,2303,1536,2374,923,2811,2709,1542,1957,1155,1299,1723,3290,681,328,636,2003,1142,2985,1684,1704,1324,1655,810,2592,575,2093,955,2000,744,773,2160,1323,2476,2510,2274,2499,1730,1595,2339,1097,304,1130,807,1435,1482,3171,1133,1844,2040,647,1493,2890,1875,2242,679,1505,2063,867,1675,1026,2889,852,1750,692,946,1103,1098,1028,3374,499,1253,2107,1201,2652,1765,1499,2596,781,144,2070,2299,1918,1832,946,984,3099,2090,2334,789,378,2363,2334,1378,1212,1757,886,1673,2187,1235,1034,3108,331,1846,2045,1511,2559,899
1368,1368,1716,309,0,67,110,64,325,799,108,338,167,461,964,968,797,547,1818,1074,1001,1364,659,1180,1390,708,513,653,1274,1418,622,1269,738,768,1610,1073,742,1238,852,1359,1393,1216,719,1221,1144,1455,1429,1644,1182,1537,1569,1580,1733,1210,2406,1686,1549,1783,1692,1718,1840,1932,2049,1503,1073,1544,1581,1747,1550,1003,2135,1445,2087,1869,2299,1894,2361,2308,1128,2310,1398,2459,2673,609,2066,1883,541,1902,1640,1416,1111,1485,2140,1994,1455,2293,1004,2730,2628,1487,1648,846,990,2032,3209,762,409,603,2312,1061,2904,1993,1395,1633,1346,1065,2511,654,2012,1264,2017,825,464,1851,1632,2395,2201,2583,2418,1421,1514,2258,940,613,1211,1116,1354,1173,3090,824,1763,1731,566,1184,2809,1794,2161,510,1196,2372,948,1594,1335,2808,543,1669,383,637,1412,1017,719,3293,580,1334,1798,1120,2571,1684,1216,2515,862,441,1989,2218,1609,1751,1027,873,3018,1781,2253,1098,193,2282,2025,1297,1131,1850,881,1592,1878,1544,1115,3027,640,1765,1964,1202,2478,590
1351,1351,1699,292,67,0,43,43,258,732,41,271,100,394,897,901,730,480,1751,1007,934,1297,592,1113,1323,641,446,586,1207,1351,555,1202,671,785,1543,1006,675,1171,785,1292,1326,1149,652,1154,1161,1388,1362,1577,1199,1470,1502,1513,1666,1143,2339,1619,1482,1716,1625,1651,1773,1865,1982,1520,1090,1477,1514,1680,1567,946,2068,1462,2020,1802,2232,1827,2294,2241,1145,2243,1415,2476,2606,676,2083,1816,608,1885,1657,1483,1178,1502,2073,2011,1388,2226,1071,2663,2561,1470,1665,863,1007,2015,3142,829,476,670,2295,994,2837,1976,1412,1616,1363,1048,2444,637,1945,1247,2000,892,481,1868,1615,2328,2218,2566,2351,1438,1447,2191,1007,596,1278,1099,1287,1190,3023,841,1696,1748,499,1201,2742,1727,2094,443,1213,2355,1015,1527,1318,2741,600,1602,400,654,1395,950,736,3226,647,1401,1815,1053,2504,1617,1207,2448,929,424,1922,2151,1626,1684,1094,806,2951,1798,2186,1081,260,2215,2042,1230,1064,1833,864,1525,1895,1527,1182,2960,623,1698,1897,1219,2411,607
1310,1310,1658,251,110,43,0,84,215,689,48,228,133,351,854,858,687,437,1708,964,891,1254,549,1070,1280,598,403,543,1164,1308,512,1159,628,826,1500,963,632,1128,742,1249,1283,1106,623,1111,1202,1345,1319,1534,1240,1427,1459,1470,1623,1100,2296,1576,1439,1673,1582,1608,1730,1822,1939,1561,1131,1434,1471,1637,1608,987,2025,1503,1977,1759,2189,1784,2251,2198,1186,2200,1456,2517,2563,719,2124,1773,651,1844,1698,1526,1221,1543,2030,2052,1345,2183,1114,2620,2518,1429,1706,904,1048,1974,3099,872,519,713,2254,951,2794,1935,1453,1575,1404,1007,2401,596,1902,1206,1959,935,522,1909,1574,2285,2259,2525,2308,1479,1404,2148,1050,555,1321,1058,1244,1231,2980,882,1653,1789,456,1242,2699,1684,2051,428,1254,2314,1058,1484,1277,2698,643,1559,441,695,1354,907,777,3183,690,1444,1856,1010,2461,1574,1248,2405,972,383,1879,2108,1667,1641,1137,763,2908,1839,2143,1040,303,2172,2083,1187,1021,1792,823,1482,1936,1486,1225,2917,582,1655,1854,1260,2368,648
1394,1394,1742,335,64,43,84,0,261,735,44,274,103,397,900,904,733,483,1754,1010,937,1300,595,1116,1326,644,449,589,1210,1354,558,1205,674,742,1546,1009,678,1174,788,1295,1329,1152,655,1157,1118,1391,1365,1580,1156,1473,1505,1516,1669,1146,2342,1622,1485,1719,1628,1654,1776,1868,1985,1477,1047,1480,1517,1683,1524,939,2071,1419,2023,1805,2235,1830,2297,2244,1102,2246,1372,2433,2609,673,2040,1819,605,1928,1614,1480,1175,1459,2076,1968,1391,2229,1068,2666,2564,1513,1622,820,964,2058,3145,826,473,667,2338,997,2840,2019,1369,1659,1320,1091,2447,680,1948,1290,2043,889,438,1825,1658,2331,2175,2609,2354,1395,1450,2194,1004,639,1275,1142,1290,1147,3026,798,1699,1705,502,1158,2745,1730,2097,446,1170,2398,1012,1530,1361,2744,597,1609,357,611,1438,953,693,3229,644,1398,1772,1056,2507,1620,1164,2451,926,467,1925,2154,1583,1687,1091,809,2954,1755,2189,1124,257,2218,1999,1233,1067,1876,907,1528,1852,1570,1179,2963,666,1701,1900,1176,2414,564
1139,1139,1487,406,325,258,215,261,0,474,219,13,304,136,639,643,472,222,1493,749,676,1039,334,855,1065,383,376,328,949,1093,323,944,413,997,1285,748,417,913,527,1034,1068,891,794,896,1373,1130,1104,1319,1411,1212,1244,1255,1408,885,2081,1361,1224,1458,1367,1393,1515,1607,1724,1732,1302,1219,1256,1422,1779,1158,1810,1674,1762,1544,1974,1569,2036,1983,1357,1985,1627,2688,2348,934,2295,1558,866,1673,1869,1741,1436,1714,1815,2223,1438,1968,1329,2405,2303,1258,1877,1075,1219,1803,2884,1087,734,928,2083,846,2579,1764,1624,1404,1575,836,2186,425,1687,1035,1788,1150,693,2080,1403,2070,2430,2354,2093,1650,1189,1933,1265,682,1536,887,1029,1402,2765,1053,1438,1960,241,1413,2484,1469,1836,599,1425,2143,1273,1269,1106,2483,858,1354,612,866,1183,692,948,2968,905,1659,2027,795,2246,1359,1419,2190,1187,550,1664,1893,1838,1426,1352,904,2693,2010,1928,869,518,1957,2254,972,1004,1621,652,1267,2107,1315,1440,2702,411,1440,1639,1431,2153,819
665,665,1013,880,799,732,689,735,474,0,693,471,778,504,165,169,220,554,1019,275,202,565,530,381,591,607,850,720,475,619,797,470,743,1471,811,536,883,529,989,560,594,707,1268,788,1847,656,630,845,1885,738,770,781,934,1045,1607,887,750,984,893,919,1041,1133,1250,2206,1776,965,936,948,2253,1632,1336,2148,1288,1070,1500,1095,1562,1509,1831,1511,2101,3162,1874,1408,2769,1482,1340,1199,2343,2215,1910,2188,1341,2697,1912,1494,1803,1931,1829,784,2351,1549,1693,1329,2410,1561,1208,1402,1609,1320,2105,1290,2098,930,2049,362,1712,305,1213,561,1314,1624,1167,2554,929,1596,2904,1880,1619,2124,715,1459,1739,1156,2010,565,555,1876,2291,1527,964,2434,285,1887,2010,995,1362,1073,1899,1669,1747,795,632,2009,1332,880,1086,1340,709,1116,1422,2494,1379,2133,2501,333,1772,1451,1893,1716,1661,1024,1190,1419,2312,1062,1826,1378,2219,2484,1454,395,992,1483,2728,498,1478,1147,178,793,2581,841,1914,2228,699,1614,1165,1905,1679,1293
1358,1358,1706,299,108,41,48,44,219,693,0,230,85,353,856,860,689,439,1710,966,893,1256,551,1072,1282,600,405,545,1166,1310,514,1161,630,778,1502,965,634,1130,744,1251,1285,1108,611,1113,1154,1347,1321,1536,1192,1429,1461,1472,1625,1102,2298,1578,1441,1675,1584,1610,1732,1824,1941,1513,1083,1436,1473,1639,1560,939,2027,1455,1979,1761,2191,1786,2253,2200,1138,2202,1408,2469,2565,717,2076,1775,649,1892,1650,1524,1219,1495,2032,2004,1347,2185,1112,2622,2520,1477,1658,856,1000,2022,3101,870,517,711,2302,953,2796,1983,1405,1623,1356,1055,2403,644,1904,1254,2007,933,474,1861,1622,2287,2211,2573,2310,1431,1406,2150,1048,603,1319,1106,1246,1183,2982,834,1655,1741,458,1194,2701,1686,2053,402,1206,2362,1056,1486,1325,2700,641,1573,393,647,1402,909,729,3185,688,1442,1808,1012,2463,1576,1200,2407,970,431,1881,2110,1619,1643,1135,765,2910,1791,2145,1088,301,2174,2035,1189,1023,1840,871,1484,1888,1534,1223,2919,630,1657,1856,1212,2370,600
1136,1136,1484,419,338,271,228,274,13,471,230,0,307,123,626,630,459,209,1480,736,663,1026,321,842,1052,370,379,315,936,1080,326,931,400,1000,1272,735,412,900,518,1021,1055,878,797,883,1376,1117,1091,1306,1414,1199,1231,1242,1395,872,2068,1348,1211,1445,1354,1380,1502,1594,1711,1735,1305,1206,1243,1409,1782,1161,1797,1677,1749,1531,1961,1556,2023,1970,1360,1972,1630,2691,2335,947,2298,1545,879,1670,1872,1754,1449,1717,1802,2226,1441,1955,1342,2392,2290,1255,1880,1078,1222,1800,2871,1100,747,941,2080,849,2566,1761,1627,1401,1578,833,2173,422,1674,1032,1785,1163,696,2083,1400,2057,2433,2351,2080,1653,1176,1920,1278,695,1549,884,1016,1405,2752,1056,1425,1963,228,1416,2471,1456,1823,602,1428,2140,1286,1256,1103,2470,871,1351,615,869,1180,679,951,2955,918,1672,2030,782,2233,1346,1422,2177,1200,563,1651,1880,1841,1413,1365,907,2680,2013,1915,866,531,1944,2257,959,1007,1618,649,1254,2110,1312,1453,2689,408,1427,1626,1434,2140,822
1443,1443,1791,384,167,100,133,103,304,778,85,307,0,294,797,801,630,380,1651,907,834,1197,492,1013,1223,541,346,486,1107,1251,455,1102,571,693,1443,906,575,1071,685,1192,1226,1049,552,1054,1069,1288,1262,1477,1107,1370,1402,1413,1566,1043,2239,1519,1382,1616,1525,1551,1673,1765,1882,1428,998,1377,1414,1580,1475,854,1968,1370,1920,1702,2132,1727,2194,2141,1053,2143,1323,2384,2506,776,1991,1716,708,1977,1565,1583,1278,1410,1973,1919,1288,2126,1171,2563,2461,1562,1573,771,941,2107,3042,929,576,770,2387,894,2737,2068,1320,1708,1271,1140,2344,729,1845,1339,2092,992,389,1776,1707,2228,2126,2658,2251,1346,1347,2091,1107,688,1378,1191,1323,1136,2923,749,1596,1656,493,1109,2642,1627,2060,343,1121,2447,1115,1427,1410,2641,700,1658,320,562,1487,850,644,3126,747,1501,1723,953,2404,1517,1115,2348,1029,516,1822,2051,1534,1584,1194,706,2851,1706,2086,1173,360,2115,1950,1130,964,1925,956,1425,1803,1619,1282,2860,715,1598,1797,1127,2311,515
1169,1169,1517,542,461,394,351,397,136,504,353,123,294,0,503,507,336,86,1357,613,540,903,198,719,929,247,346,216,813,957,293,808,277,967,1149,612,379,777,485,898,932,755,764,760,1343,994,968,1183,1381,1076,1108,1119,1272,749,1945,1225,1088,1322,1231,1257,1379,1471,1588,1702,1272,1083,1120,1286,1749,1128,1674,1644,1626,1408,1838,1433,1900,1847,1327,1849,1597,2658,2212,1070,2265,1422,1002,1703,1839,1877,1572,1684,1679,2193,1408,1832,1465,2269,2167,1288,1847,1045,1235,1833,2748,1223,870,1064,2113,816,2443,1794,1594,1434,1545,866,2050,455,1551,1065,1818,1286,663,2050,1433,1934,2400,2384,1957,1620,1053,1797,1401,818,1672,917,1049,1430,2629,1023,1302,1930,219,1383,2348,1333,1786,569,1395,2173,1409,1133,1136,2347,994,1384,614,836,1213,612,918,2832,1041,1795,1997,659,2110,1223,1389,2054,1323,686,1528,1757,1808,1290,1488,874,2557,1980,1792,899,654,1821,2224,836,974,1651,682,1131,2077,1345,1576,2566,441,1304,1503,1401,2017,789
714,714,1062,1045,964,897,854,900,639,165,856,626,797,503,0,4,171,505,854,110,97,400,481,216,426,558,801,671,310,454,748,305,694,1422,646,487,834,480,940,485,453,658,1219,739,1798,545,577,680,1836,575,605,616,769,996,1442,722,689,819,728,754,876,968,1085,2157,1727,916,887,783,2204,1583,1171,2099,1123,905,1335,930,1397,1344,1782,1346,2052,3113,1709,1573,2720,1433,1505,1248,2294,2380,2075,2139,1176,2648,1863,1329,1968,1766,1664,833,2302,1500,1738,1378,2245,1726,1373,1567,1658,1271,1940,1339,2049,979,2000,411,1547,470,1146,610,1363,1789,1118,2505,978,1431,2855,1929,1454,2075,550,1294,1904,1321,2175,730,594,1933,2126,1478,799,2385,398,1838,1845,830,1331,1024,1850,1718,1912,664,785,1844,1497,929,1117,1291,758,1067,1373,2329,1544,2298,2452,284,1607,1402,1844,1551,1826,1189,1025,1254,2263,1013,1991,1329,2054,2435,1289,444,1157,1318,2679,333,1429,1196,227,628,2532,890,2079,2063,864,1565,1000,1856,1514,1244
712,712,1060,1049,968,901,858,904,643,169,860,630,801,507,4,0,173,507,850,106,99,396,483,212,422,560,803,673,306,450,750,301,696,1424,642,489,836,482,942,487,455,660,1221,741,1800,547,579,676,1838,577,601,612,765,998,1438,718,691,815,724,750,872,964,1081,2159,1729,918,889,779,2206,1585,1167,2101,1119,901,1331,926,1393,1340,1784,1342,2054,3115,1705,1577,2722,1435,1509,1246,2296,2384,2079,2141,1172,2650,1865,1325,1972,1762,1660,831,2304,1502,1742,1376,2241,1730,1377,1571,1656,1273,1936,1337,2051,977,2002,409,1543,474,1148,608,1361,1793,1120,2507,976,1427,2857,1927,1450,2077,546,1290,1908,1325,2179,734,592,1937,2122,1480,795,2387,402,1840,1841,826,1329,1026,1852,1716,1916,662,789,1840,1501,927,1121,1293,756,1069,1375,2325,1548,2302,2454,286,1603,1404,1846,1547,1830,1193,1021,1250,2265,1015,1995,1331,2050,2437,1285,446,1161,1314,2681,329,1431,1194,225,624,2534,888,2083,2059,868,1567,998,1858,1510,1246
885,885,1233,878,797,730,687,733,472,220,689,459,630,336,171,173,0,334,1021,277,204,567,310,383,593,387,630,500,477,621,577,472,523,1251,813,316,663,441,769,562,596,487,1048,568,1627,658,632,847,1665,740,772,783,936,825,1609,889,752,986,895,921,1043,1135,1252,1986,1556,747,784,950,2033,1412,1338,1928,1290,1072,1502,1097,1564,1511,1611,1513,1881,2942,1876,1406,2549,1262,1338,1419,2123,2213,1908,1968,1343,2477,1692,1496,1801,1933,1831,1004,2131,1329,1571,1549,2412,1559,1206,1400,1829,1100,2107,1510,1878,1150,1829,582,1714,303,1215,781,1534,1622,947,2334,1149,1598,2684,2100,1621,1904,717,1461,1737,1154,2008,633,765,1766,2293,1307,966,2214,231,1667,2012,997,1502,853,1679,1889,1745,835,852,2011,1330,1100,950,1120,929,896,1202,2496,1377,2131,2281,323,1774,1231,1673,1718,1659,1022,1192,1421,2092,954,1824,1158,2221,2264,1456,615,990,1485,2508,500,1258,1367,398,795,2361,1061,1912,2230,697,1394,1171,1685,1681,1073
1219,1219,1567,628,547,480,437,483,222,554,439,209,380,86,505,507,334,0,1271,527,454,817,112,633,843,161,296,166,727,871,243,722,191,917,1063,526,329,691,435,812,846,669,714,674,1293,908,882,1097,1331,990,1022,1033,1186,663,1859,1139,1002,1236,1145,1171,1293,1385,1502,1652,1222,997,1034,1200,1699,1078,1588,1594,1540,1322,1752,1347,1814,1761,1277,1763,1547,2608,2126,1156,2215,1336,1088,1753,1789,1963,1658,1634,1607,2143,1358,1746,1551,2183,2081,1338,1797,995,1321,1883,2662,1309,956,1150,2163,766,2357,1844,1544,1484,1495,916,1964,505,1465,1115,1868,1372,613,2000,1483,1848,2350,2434,1871,1570,967,1711,1487,904,1758,967,1099,1516,2543,973,1216,1880,269,1333,2262,1247,1836,519,1345,2223,1495,1169,1186,2261,1080,1434,700,786,1263,562,868,2746,1127,1881,1947,573,2024,1137,1339,1968,1409,772,1442,1671,1758,1204,1574,824,2471,1930,1706,949,740,1735,2174,750,924,1701,732,1045,2027,1395,1662,2480,491,1218,1505,1351,1931,739
1096,1090,652,1899,1818,1751,1708,1754,1493,1019,1710,1480,1651,1357,854,850,1021,1271,0,760,851,518,1235,748,594,1312,1555,1425,830,702,1502,875,1448,2176,680,1241,1588,1234,1694,1239,1207,1412,1973,1493,2552,1299,1331,1190,2590,1329,1299,1310,1191,1750,588,1304,1443,1217,1420,1396,1284,1234,1123,2911,2481,1670,1641,1475,2958,2337,1227,2853,1331,1557,1177,1626,1165,1220,2536,1328,2806,3867,855,2427,3474,2187,2359,1134,3048,3234,2929,2893,348,3402,2617,1789,2822,1330,810,357,3056,2254,2592,818,1391,2580,2227,2421,904,2025,1086,585,2803,941,2754,1089,1567,1324,1900,1378,609,2643,1872,3259,1248,577,3609,1175,854,2829,950,440,2758,2175,3029,1584,464,2787,1272,2232,455,3139,1252,2592,991,232,577,1778,2604,964,2766,224,1639,990,2351,175,1971,2045,884,1821,2127,1475,2398,3152,3206,1038,753,2156,2598,1353,2680,2043,935,896,3017,1767,2845,2083,1200,3189,435,1296,2011,710,3433,1047,2183,442,1013,494,3286,1102,2933,1209,1718,2319,246,2610,1010,1998
720,720,1068,1155,1074,1007,964,1010,749,275,966,736,907,613,110,106,277,527,760,0,91,290,475,106,316,552,795,665,200,344,742,195,688,1416,536,481,828,474,934,479,447,652,1213,733,1792,539,571,570,1830,569,539,550,659,990,1332,612,683,709,660,644,766,858,975,2151,1721,910,881,715,2198,1577,1061,2093,1013,797,1225,866,1287,1234,1776,1236,2046,3107,1599,1683,2714,1427,1615,1254,2288,2490,2185,2133,1108,2642,1857,1219,2078,1656,1554,839,2296,1494,1848,1384,2135,1836,1483,1677,1664,1265,1830,1345,2043,985,1994,417,1437,580,1140,634,1369,1899,1112,2499,984,1321,2849,1935,1344,2069,440,1184,2014,1431,2285,840,600,2043,2016,1472,689,2379,508,1832,1735,720,1337,1018,1844,1724,2022,670,895,1734,1607,935,1227,1285,764,1061,1367,2219,1654,2408,2446,278,1497,1396,1838,1441,1936,1299,915,1144,2257,1007,2101,1323,1944,2429,1179,552,1267,1208,2673,287,1423,1202,269,518,2526,896,2189,1953,974,1559,1006,1850,1404,1238
811,811,1159,1082,1001,934,891,937,676,202,893,663,834,540,97,99,204,454,851,91,0,363,384,179,389,461,704,574,273,417,651,268,597,1325,609,390,737,383,843,388,392,561,1122,642,1701,454,480,643,1739,536,568,579,732,899,1405,685,592,782,691,717,839,931,1048,2060,1630,819,790,746,2107,1486,1134,2002,1086,868,1298,893,1360,1307,1685,1309,1955,3016,1672,1610,2623,1336,1542,1345,2197,2417,2112,2042,1199,2551,1766,1292,2005,1729,1627,930,2205,1403,1775,1475,2208,1763,1410,1604,1755,1174,1903,1436,1952,1076,1903,508,1510,507,1049,707,1460,1826,1021,2408,1075,1394,2758,2026,1417,1978,513,1257,1941,1358,2212,767,691,1970,2089,1381,762,2288,435,1741,1808,793,1428,927,1753,1815,1949,761,822,1807,1534,1026,1154,1194,855,970,1276,2292,1581,2335,2355,187,1570,1305,1747,1514,1863,1226,988,1217,2166,916,2028,1232,2017,2338,1252,541,1194,1281,2582,296,1332,1293,324,591,2435,987,2116,2026,901,1468,1097,1759,1477,1147
642,636,826,1445,1364,1297,1254,1300,1039,565,1256,1026,1197,903,400,396,567,817,518,290,363,0,717,230,76,794,1037,907,312,184,984,357,930,1658,246,723,1070,716,1176,721,689,894,1455,975,2034,781,813,672,2072,811,781,792,673,1232,1042,786,925,699,902,878,766,716,685,2393,1963,1152,1123,957,2440,1819,771,2335,813,1039,935,1108,997,944,2018,946,2288,3349,1309,1973,2956,1669,1905,1012,2530,2780,2475,2375,866,2884,2099,1271,2368,1366,1264,597,2538,1736,2138,1142,1845,2126,1773,1967,1422,1507,1540,1103,2285,743,2236,635,1147,870,1382,924,1127,2189,1354,2741,794,1031,3091,1693,1054,2311,432,894,2304,1721,2575,1130,358,2333,1726,1714,399,2621,798,2074,1445,430,1095,1260,2086,1482,2312,428,1185,1444,1897,693,1517,1527,522,1303,1609,1929,1944,2698,2688,520,1207,1638,2080,1151,2226,1589,625,854,2499,1249,2391,1565,1654,2671,889,842,1557,918,2915,529,1665,960,559,228,2768,654,2479,1663,1264,1801,764,2092,1114,1480
1195,1195,1543,740,659,592,549,595,334,530,551,321,492,198,481,483,310,112,1235,475,384,717,0,521,731,77,320,190,615,759,267,610,213,941,951,414,353,579,459,700,734,557,738,562,1317,796,770,985,1355,878,910,921,1074,551,1747,1027,890,1124,1033,1059,1181,1273,1390,1676,1246,885,922,1088,1723,1102,1476,1618,1428,1210,1640,1235,1702,1649,1301,1651,1571,2632,2014,1268,2239,1224,1200,1729,1813,2075,1770,1658,1583,2167,1382,1634,1663,2071,1969,1314,1821,1019,1433,1859,2550,1421,1068,1262,2139,790,2245,1820,1568,1460,1519,892,1852,481,1353,1091,1844,1484,637,2024,1459,1736,2374,2410,1759,1594,855,1599,1599,1016,1870,943,1075,1628,2431,997,1104,1904,245,1357,2150,1135,1812,543,1369,2199,1607,1145,1162,2149,1192,1410,812,810,1239,586,892,2634,1239,1993,1971,461,1912,1025,1363,1856,1521,884,1330,1559,1782,1092,1686,848,2359,1954,1594,925,852,1623,2198,638,948,1677,708,933,2051,1371,1774,2368,559,1106,1481,1375,1819,763
708,708,1056,1261,1180,1113,1070,1116,855,381,1072,842,1013,719,216,212,383,633,748,106,179,230,521,0,210,564,807,677,94,238,754,127,700,1428,430,493,840,486,946,491,459,664,1225,745,1804,551,583,464,1842,581,551,562,553,1002,1226,556,695,603,672,648,660,752,869,2163,1733,922,893,727,2210,1589,955,2105,907,809,1119,878,1181,1128,1788,1130,2058,3119,1493,1789,2726,1439,1721,1242,2300,2596,2291,2145,1096,2654,1869,1113,2184,1550,1448,827,2308,1506,1954,1372,2029,1942,1589,1783,1652,1277,1724,1333,2055,973,2006,451,1331,686,1152,740,1357,2005,1142,2511,972,1215,2861,1923,1238,2081,334,1078,2120,1537,2391,946,588,2149,1910,1484,583,2391,614,1844,1629,614,1325,1030,1862,1712,2128,658,1001,1628,1713,923,1333,1297,752,1073,1379,2113,1760,2514,2458,290,1391,1408,1850,1335,2042,1405,809,1038,2269,1019,2207,1335,1838,2441,1073,658,1373,1102,2685,299,1435,1190,375,412,2538,884,2295,1847,1080,1571,994,1862,1298,1250
668,662,902,1471,1390,1323,1280,1326,1065,591,1282,1052,1223,929,426,422,593,843,594,316,389,76,731,210,0,718,961,831,236,108,908,281,854,1582,220,647,994,640,1100,645,613,818,1379,899,1958,705,737,596,1996,735,705,716,597,1156,1016,710,849,623,826,802,690,640,659,2317,1887,1076,1047,881,2364,1743,745,2259,737,963,909,1032,971,918,1942,920,2236,3273,1283,1999,2880,1593,1931,1088,2454,2806,2501,2299,942,2808,2023,1195,2394,1340,1238,673,2462,1660,2164,1218,1819,2152,1799,1993,1498,1431,1514,1179,2209,819,2160,661,1121,896,1306,950,1203,2215,1352,2665,820,1005,3015,1769,1028,2235,356,868,2330,1747,2601,1156,434,2359,1700,1638,373,2545,824,1998,1419,404,1171,1184,2072,1558,2338,504,1211,1418,1923,769,1543,1451,598,1227,1533,1903,1970,2724,2612,444,1181,1562,2004,1125,2252,1615,599,828,2423,1173,2417,1489,1628,2595,863,868,1583,892,2839,453,1589,1036,585,202,2692,730,2505,1637,1290,1725,840,2016,1088,1404
1272,1272,1620,789,708,641,598,644,383,607,600,370,541,247,558,560,387,161,1312,552,461,794,77,564,718,0,243,113,566,710,190,561,136,864,902,365,276,530,382,651,685,508,661,513,1240,747,721,936,1278,829,861,872,1025,502,1698,978,841,1075,984,1010,1132,1224,1341,1599,1169,836,873,1039,1646,1025,1427,1541,1379,1161,1591,1186,1653,1600,1224,1602,1554,2555,1965,1317,2162,1175,1249,1806,1736,2124,1819,1581,1660,2090,1305,1585,1712,2022,1920,1391,1744,942,1482,1936,2501,1470,1117,1311,2216,713,2196,1897,1491,1537,1442,969,1803,558,1304,1168,1921,1533,670,1947,1536,1687,2297,2487,1710,1517,806,1550,1648,1065,1919,1020,1152,1677,2382,920,1055,1827,322,1280,2101,1086,1889,466,1390,2276,1656,1222,1239,2100,1241,1487,861,733,1316,509,815,2585,1288,2042,1894,412,1863,976,1286,1807,1570,933,1281,1510,1705,1043,1735,771,2310,1877,1545,1002,901,1574,2121,589,871,1754,785,884,1974,1448,1823,2319,608,1057,1558,1298,1770,686
1515,1515,1863,594,513,446,403,449,376,850,405,379,346,346,801,803,630,296,1555,795,704,1037,320,807,961,243,0,140,761,905,109,756,225,621,1097,560,229,725,339,846,880,703,418,708,997,942,916,1131,1035,1024,1056,1067,1220,697,1893,1173,1036,1270,1179,1205,1327,1419,1536,1356,926,1031,1068,1234,1403,782,1622,1298,1574,1356,1786,1381,1848,1795,981,1797,1359,2312,2160,1122,1919,1370,1054,2049,1493,1929,1624,1338,1903,1847,1062,1780,1517,2217,2115,1634,1501,699,1287,2179,2696,1275,922,1116,2459,548,2391,2140,1248,1780,1199,1212,1998,801,1499,1411,2164,1338,475,1704,1779,1882,2054,2730,1905,1274,1001,1745,1453,870,1724,1263,1395,1482,2577,677,1250,1584,565,1037,2296,1323,2132,223,1195,2519,1461,1465,1482,2295,1046,1730,666,490,1559,504,572,2780,1093,1847,1651,607,2058,1171,1043,2002,1375,738,1476,1705,1462,1238,1540,528,2505,1634,1740,1245,706,1769,1878,784,628,1997,1028,1079,1731,1691,1628,2514,787,1252,1801,1055,1965,443
1385,1385,1733,734,653,586,543,589,328,720,545,315,486,216,671,673,500,166,1425,665,574,907,190,677,831,113,140,0,621,765,77,616,85,751,957,420,163,585,269,706,740,563,548,568,1127,802,776,991,1165,884,916,927,1080,557,1753,1033,896,1130,1039,1065,1187,1279,1396,1486,1056,891,928,1094,1533,912,1482,1428,1434,1216,1646,1241,1708,1655,1111,1657,1499,2442,2020,1262,2049,1230,1194,1919,1623,2069,1764,1468,1773,1977,1192,1640,1657,2077,1975,1504,1631,829,1427,2049,2556,1415,1062,1256,2329,600,2251,2010,1378,1650,1329,1082,1858,671,1359,1281,2034,1478,615,1834,1649,1742,2184,2600,1765,1404,861,1605,1593,1010,1864,1133,1265,1622,2437,807,1110,1714,435,1167,2156,1193,2002,353,1335,2389,1601,1335,1352,2155,1186,1600,806,620,1429,396,702,2640,1233,1987,1781,467,1918,1031,1173,1862,1515,878,1336,1565,1592,1098,1680,658,2365,1764,1600,1115,846,1629,2008,644,758,1867,898,939,1861,1561,1768,2374,657,1112,1671,1185,1825,573
790,790,1138,1355,1274,1207,1164,1210,949,475,1166,936,1107,813,310,306,477,727,830,200,273,312,615,94,236,566,761,621,0,144,672,45,618,1346,336,411,758,404,864,409,377,582,1143,663,1722,469,501,370,1760,499,469,480,459,920,1132,474,613,509,590,566,566,658,775,2081,1651,840,811,645,2128,1507,861,2023,813,727,1025,796,1087,1034,1706,1036,2120,3037,1399,1883,2644,1357,1815,1324,2218,2690,2385,2063,1178,2572,1787,1019,2278,1456,1354,909,2226,1424,2048,1454,1935,2036,1683,1877,1734,1195,1630,1415,1973,1055,1924,545,1237,780,1070,834,1439,2099,1236,2429,1054,1121,2779,2005,1144,1999,240,984,2214,1631,2485,1040,670,2243,1816,1402,489,2309,708,1762,1535,598,1407,948,1956,1794,2222,740,1095,1534,1807,1005,1427,1215,834,991,1297,2019,1854,2608,2376,208,1297,1326,1768,1241,2136,1499,715,944,2187,937,2301,1253,1744,2359,979,752,1467,1008,2603,217,1353,1272,469,336,2456,966,2389,1753,1174,1489,1076,1780,1204,1168
696,690,1010,1499,1418,1351,1308,1354,1093,619,1310,1080,1251,957,454,450,621,871,702,344,417,184,759,238,108,710,905,765,144,0,800,173,746,1474,192,539,886,532,992,537,505,710,1271,791,1850,597,629,488,1888,627,597,608,489,1048,988,602,741,515,718,694,582,532,631,2209,1779,968,939,773,2256,1635,717,2151,669,855,881,924,943,890,1834,892,2264,3165,1255,2027,2772,1485,1959,1196,2346,2834,2529,2191,1050,2700,1915,1087,2422,1312,1210,781,2354,1552,2192,1326,1791,2180,1827,2021,1606,1323,1486,1287,2101,927,2052,689,1093,924,1198,978,1311,2243,1380,2557,926,977,2907,1877,1000,2127,248,840,2358,1775,2629,1184,542,2387,1672,1530,345,2437,852,1890,1391,470,1279,1076,2100,1666,2366,612,1239,1390,1951,877,1571,1343,706,1119,1425,1875,1998,2752,2504,336,1153,1454,1896,1097,2280,1643,571,800,2315,1065,2445,1381,1600,2487,835,896,1611,864,2731,345,1481,1144,613,208,2584,838,2533,1609,1318,1617,948,1908,1060,1296
1462,1462,1810,703,622,555,512,558,323,797,514,326,455,293,748,750,577,243,1502,742,651,984,267,754,908,190,109,77,672,800,0,647,116,674,988,451,120,616,230,737,771,594,471,599,1050,833,807,1022,1088,915,947,958,1111,588,1784,1064,927,1161,1070,1096,1218,1310,1427,1409,979,922,959,1125,1456,835,1513,1351,1465,1247,1677,1272,1739,1686,1034,1688,1468,2365,2051,1231,1972,1261,1163,1996,1546,2038,1733,1391,1850,1900,1115,1671,1626,2108,2006,1581,1554,752,1396,2126,2587,1384,1031,1225,2406,523,2282,2087,1301,1727,1252,1159,1889,748,1390,1358,2111,1447,584,1757,1726,1773,2107,2677,1796,1327,892,1636,1562,979,1833,1210,1342,1591,2468,730,1141,1637,512,1090,2187,1270,2079,276,1304,2466,1570,1412,1429,2186,1155,1677,775,543,1506,395,625,2671,1202,1956,1704,498,1949,1062,1096,1893,1484,847,1367,1596,1515,1129,1649,581,2396,1687,1631,1192,815,1660,1931,675,681,1944,975,1008,1784,1638,1737,2405,734,1143,1748,1108,1856,496
835,835,1183,1350,1269,1202,1159,1205,944,470,1161,931,1102,808,305,301,472,722,875,195,268,357,610,127,281,561,756,616,45,173,647,0,573,1301,341,366,713,359,819,364,332,537,1098,618,1677,424,456,375,1715,454,424,435,464,875,1137,429,568,514,545,521,571,663,780,2036,1606,795,766,600,2083,1462,866,1978,818,682,1030,751,1092,1039,1661,1041,2115,2992,1404,1878,2599,1312,1810,1369,2173,2685,2380,2018,1223,2527,1742,1024,2273,1461,1359,954,2181,1379,2043,1499,1940,2031,1678,1872,1779,1150,1635,1460,1928,1100,1879,540,1242,775,1025,829,1484,2094,1231,2384,1099,1126,2734,2050,1149,1954,245,989,2209,1626,2480,1035,715,2238,1821,1357,494,2264,703,1717,1540,643,1452,903,1951,1839,2217,785,1090,1539,1802,1050,1422,1170,879,946,1252,2024,1849,2603,2331,163,1302,1281,1723,1246,2131,1494,720,949,2142,892,2296,1208,1749,2314,984,747,1462,1013,2558,172,1308,1317,464,381,2411,1011,2384,1758,1169,1444,1121,1735,1209,1123
1408,1408,1756,819,738,671,628,674,413,743,630,400,571,277,694,696,523,191,1448,688,597,930,213,700,854,136,225,85,618,746,116,573,0,728,872,335,140,500,246,621,655,478,525,483,1104,717,691,906,1142,799,831,842,995,472,1668,948,811,1045,954,980,1102,1194,1311,1463,1033,806,843,1009,1510,889,1397,1405,1349,1131,1561,1156,1623,1570,1088,1572,1584,2419,1935,1347,2026,1145,1279,1942,1600,2154,1849,1445,1796,1954,1169,1555,1742,1992,1890,1527,1608,806,1512,2072,2471,1500,1147,1341,2352,577,2166,2033,1355,1673,1306,1105,1773,694,1274,1304,2057,1563,700,1811,1672,1677,2161,2623,1680,1381,776,1520,1678,1095,1949,1156,1288,1707,2352,784,1025,1691,458,1144,2071,1216,2025,330,1420,2412,1686,1358,1375,2070,1271,1623,891,597,1452,373,679,2555,1318,2072,1758,410,1833,946,1150,1777,1600,963,1251,1480,1569,1013,1765,635,2280,1741,1547,1138,931,1544,1985,559,735,1890,921,954,1838,1584,1853,2289,680,1027,1694,1162,1740,570
2136,2136,2484,1077,768,785,826,742,997,1471,778,1000,693,967,1422,1424,1251,917,2176,1416,1325,1658,941,1428,1582,864,621,751,1346,1474,674,1301,728,0,1552,1015,684,1180,794,1301,1335,1158,661,1163,376,1397,1371,1586,414,1479,1511,1522,1675,1152,2348,1628,1491,1725,1634,1660,1782,1874,1991,735,665,1486,1523,1689,782,945,2077,677,2029,1811,2241,1836,2303,2250,972,2252,904,1691,2615,1373,1298,1825,771,2670,958,1474,1169,717,2524,1226,1397,2235,1062,2672,2570,2255,880,392,832,2800,3151,1082,1117,661,3080,1003,2846,2761,1147,2401,578,1833,2453,1422,1954,2032,2785,883,304,1083,2400,2405,1433,3351,2360,653,1456,2200,998,1381,1269,1884,2016,1027,3032,690,1721,963,1186,440,2751,1944,2753,452,740,3140,1006,2086,2103,2750,591,2351,385,443,2180,959,219,3235,976,1392,1030,1138,2513,1626,1158,2457,920,1209,1931,2160,841,1693,1085,815,2960,1013,2275,1866,699,2224,1257,1239,1073,2618,1649,1682,1110,2312,1173,2969,1408,1707,2422,778,2420,178
888,882,988,1691,1610,1543,1500,1546,1285,811,1502,1272,1443,1149,646,642,813,1063,680,536,609,246,951,430,220,902,1097,957,336,192,988,341,872,1552,0,561,908,554,1014,559,527,732,1293,813,1872,619,651,510,1910,649,619,630,511,1070,796,624,763,537,740,716,604,554,443,2231,1801,990,961,795,2278,1657,547,2173,651,877,689,946,751,698,1856,700,2456,3187,1063,2219,2794,1507,2151,1174,2368,3026,2721,2213,1028,2722,1937,1109,2614,1120,1018,759,2376,1574,2384,1304,1599,2372,2019,2213,1584,1345,1294,1265,2123,905,2124,881,901,1116,1220,1170,1289,2435,1572,2579,1040,909,2929,1855,808,2149,270,648,2550,1967,2821,1376,520,2579,1480,1552,225,2459,1044,1912,1199,448,1257,1100,2292,1644,2558,590,1431,1198,2143,855,1763,1365,684,1141,1447,1683,2190,2944,2526,490,961,1476,1918,905,2472,1835,379,608,2337,1087,2637,1403,1408,2509,779,1088,1803,672,2753,367,1503,1122,805,186,2606,894,2725,1417,1510,1639,926,1930,868,1442
1201,1201,1549,1154,1073,1006,963,1009,748,536,965,735,906,612,487,489,316,526,1241,481,390,723,414,493,647,365,560,420,411,539,451,366,335,1015,561,0,347,165,453,286,320,171,732,252,1311,382,356,571,1349,464,496,507,660,509,1333,613,476,710,619,645,767,859,976,1670,1240,471,508,674,1717,1096,1062,1612,1014,796,1226,821,1288,1235,1295,1237,1919,2626,1600,1682,2233,946,1614,1735,1807,2489,2184,1652,1589,2161,1376,1220,2077,1657,1555,1320,1815,1013,1847,1865,2136,1835,1482,1676,2145,784,1831,1826,1562,1466,1587,898,1438,579,939,1097,1850,1898,1035,2018,1465,1470,2368,2416,1345,1588,441,1185,2013,1430,2284,949,1081,2042,2017,991,786,1898,507,1351,1736,1009,1818,563,1755,2205,2021,1151,1168,1735,1606,1416,1226,804,1245,580,886,2220,1653,2407,1965,203,1498,915,1357,1442,1935,1298,916,1145,1776,678,2100,842,1945,1948,1340,931,1266,1209,2192,224,942,1683,714,747,2045,1377,2188,1954,973,1078,1487,1369,1405,905
1548,1548,1896,823,742,675,632,678,417,883,634,412,575,379,834,836,663,329,1588,828,737,1070,353,840,994,276,229,163,758,886,120,713,140,684,908,347,0,496,110,617,651,474,385,479,964,713,687,902,1002,795,827,838,991,468,1664,944,807,1041,950,976,1098,1190,1307,1323,893,802,839,1005,1370,749,1393,1265,1345,1127,1557,1152,1619,1566,948,1568,1588,2279,1931,1351,1886,1141,1283,2082,1460,2158,1853,1305,1936,1814,1029,1551,1746,1988,1886,1667,1468,666,1516,2212,2467,1504,1151,1345,2492,437,2162,2173,1215,1813,1256,1245,1769,834,1270,1444,2197,1567,704,1671,1812,1817,2021,2763,1676,1241,772,1516,1682,1099,1953,1296,1428,1711,2348,644,1133,1551,598,1004,2067,1356,2165,232,1424,2552,1690,1498,1515,2066,1275,1763,895,457,1592,275,539,2551,1322,2076,1618,550,1829,942,1010,1773,1604,967,1247,1476,1429,1009,1769,495,2276,1601,1687,1278,935,1540,1845,555,595,2030,1061,1094,1698,1724,1857,2285,820,1023,1834,1022,1736,574
1194,1194,1542,1319,1238,1171,1128,1174,913,529,1130,900,1071,777,480,482,441,691,1234,474,383,716,579,486,640,530,725,585,404,532,616,359,500,1180,554,165,496,0,460,121,155,178,739,259,1318,217,191,406,1356,299,331,342,495,516,1168,448,311,545,454,480,602,694,811,1677,1247,436,407,509,1724,1103,897,1619,849,631,1061,656,1123,1070,1302,1072,2084,2633,1501,1847,2240,953,1779,1728,1814,2654,2349,1659,1582,2168,1383,1055,2242,1492,1390,1313,1824,1020,2012,1858,1971,2000,1647,1841,2138,791,1666,1819,1569,1459,1752,891,1273,744,774,1090,1843,2063,1200,2025,1458,1463,2375,2409,1180,1595,284,1020,2178,1595,2449,1004,1074,2207,1852,998,779,1905,672,1358,1571,1002,1811,728,1920,2198,2186,1144,1161,1570,1771,1409,1391,811,1238,587,961,2055,1818,2572,1972,196,1333,922,1364,1277,2100,1463,751,980,1783,533,2265,849,1780,1955,1333,924,1431,1044,2199,187,949,1676,707,740,2052,1370,2353,1789,1138,1085,1480,1376,1240,1070
1654,1654,2002,933,852,785,742,788,527,989,744,518,685,485,940,942,769,435,1694,934,843,1176,459,946,1100,382,339,269,864,992,230,819,246,794,1014,453,110,460,0,507,541,364,279,369,858,603,577,792,896,685,717,728,881,358,1554,834,697,931,840,866,988,1080,1197,1217,787,692,729,895,1264,643,1283,1159,1235,1017,1447,1042,1509,1456,842,1458,1698,2173,1961,1461,1780,1031,1393,2188,1354,2268,1963,1199,2042,1708,923,1441,1856,1878,1776,1773,1438,560,1626,2318,2357,1614,1261,1455,2598,331,2052,2279,1109,1919,1366,1351,1659,940,1160,1550,2303,1677,814,1565,1918,1923,1915,2869,1566,1135,744,1406,1792,1209,2063,1402,1534,1821,2238,538,1239,1445,704,898,1957,1462,2271,342,1534,2658,1800,1604,1621,1956,1385,1869,1005,351,1698,165,575,2441,1432,2186,1512,656,1719,832,904,1663,1714,1077,1137,1366,1323,899,1879,389,2166,1495,1793,1384,1045,1430,1739,647,489,2136,1167,1200,1592,1830,1967,2175,926,913,1940,916,1626,684
1199,1199,1547,1440,1359,1292,1249,1295,1034,560,1251,1021,1192,898,485,487,562,812,1239,479,388,721,700,491,645,651,846,706,409,537,737,364,621,1301,559,286,617,121,507,0,34,173,734,254,1313,96,92,285,1351,178,210,221,374,511,1047,327,204,424,333,359,481,573,690,1672,1242,431,402,388,1719,1098,776,1614,728,510,940,535,1002,949,1297,951,2205,2628,1506,1968,2235,948,1900,1733,1809,2775,2470,1654,1587,2163,1378,934,2363,1371,1269,1318,1945,1015,2133,1863,1850,2121,1768,1962,2143,786,1545,1824,1564,1464,1873,896,1152,865,661,1095,1848,2184,1321,2020,1463,1468,2370,2414,1059,1590,289,899,2299,1716,2570,1125,1079,2328,1731,993,784,1900,793,1353,1450,1007,1816,849,2041,2203,2307,1149,1180,1449,1892,1414,1512,858,1243,582,1082,1934,1939,2693,1967,239,1212,917,1359,1156,2221,1584,630,859,1778,528,2386,844,1659,1950,1338,929,1552,923,2194,192,944,1681,712,745,2047,1375,2474,1668,1259,1080,1485,1371,1119,1191
1167,1167,1515,1474,1393,1326,1283,1329,1068,594,1285,1055,1226,932,453,455,596,846,1207,447,392,689,734,459,613,685,880,740,377,505,771,332,655,1335,527,320,651,155,541,34,0,205,766,286,1345,92,124,251,1383,144,176,187,340,543,1013,293,236,390,299,325,447,539,656,1704,1274,463,434,354,1751,1130,742,1646,694,476,906,501,968,915,1329,917,2239,2660,1474,2002,2267,980,1934,1701,1841,2809,2504,1686,1555,2195,1410,900,2397,1337,1235,1286,1979,1047,2167,1831,1816,2155,1802,1996,2111,818,1511,1792,1596,1432,1907,864,1118,899,693,1063,1816,2218,1355,2052,1431,1436,2402,2382,1025,1622,257,865,2333,1750,2604,1159,1047,2362,1697,1025,752,1932,827,1385,1416,975,1784,883,2075,2171,2341,1117,1214,1415,1926,1382,1546,892,1211,614,1116,1900,1973,2727,1999,273,1178,949,1391,1122,2255,1618,596,825,1810,560,2420,876,1625,1982,1306,897,1586,889,2226,160,976,1649,680,713,2079,1343,2508,1634,1293,1112,1453,1403,1085,1225
